0.0000,44.9231,91.8619,-89.9695
6.0138,58.1894,88.4597,-86.7130
6.0138,58.1894,88.4597,-86.7859
6.4853,59.5758,87.8356,-86.3965
6.4853,59.5758,87.8356,-86.4809
6.2979,60.5784,87.4550,-86.4412
6.2979,60.5784,87.4550,-86.5504
6.0138,61.1258,87.2694,-86.6944
6.0138,61.1258,87.2694,-86.5944
6.4853,59.6875,87.7904,-86.4936
6.4853,59.6875,87.7904,-86.4037
-3.4450,57.9153,88.9152,-91.8159
-3.4450,57.9153,88.9152,-91.8971
-3.3505,58.6958,88.6291,-91.7861
-3.3505,58.6958,88.6291,-91.8637
-3.5423,59.3816,88.3396,-91.9020
-3.5423,59.3816,88.3396,-91.9890
-3.5423,60.9745,87.6724,-91.9540
-3.5423,60.9745,87.6724,-92.0175
-3.5423,59.3816,88.3396,-91.9072
-3.5423,59.3816,88.3396,-91.9853
-3.3505,58.6958,88.6291,-91.7952
-3.3505,58.6958,88.6291,-91.8574
-4.1146,57.8351,88.8712,-92.1767
-4.1146,57.8351,88.8712,-92.2511
-4.2090,58.5128,88.6058,-92.3164
-4.2090,58.5128,88.6058,-92.2745
-4.4005,58.7493,88.4920,-92.3201
-4.4005,58.7496,88.4908,-92.4591
-4.8745,58.6675,88.4589,-92.7038
-4.8745,58.6675,88.4589,-92.6207
-4.4005,58.6383,88.5338,-92.3527
-4.4005,58.6383,88.5338,-92.4305
-4.1146,58.1709,88.7466,-92.2821
-4.1146,58.1709,88.7466,-92.1959
1.9136,51.2089,91.0032,-89.0361
1.9136,51.2089,91.0032,-89.0758
1.3392,51.6208,90.9418,-89.3833
1.3392,51.6208,90.9418,-89.3151
1.1496,51.2985,91.0216,-89.3605
1.1496,51.2993,91.0196,-89.4744
0.8623,51.5039,90.9856,-89.4094
0.8622,51.5048,90.9836,-89.5291
0.6697,51.3973,91.0124,-89.6009
0.6697,51.3976,91.0116,-89.7068
0.7645,51.5035,90.9866,-89.6498
0.7645,51.5036,90.9863,-89.6090
1.2444,51.0885,91.0610,-89.3572
1.2444,51.0885,91.0610,-89.4085
-0.9599,51.0838,91.0716,-90.5095
-0.9599,51.0838,91.0716,-90.4493
-0.6726,50.9751,91.1028,-90.4783
-0.6725,50.9758,91.1013,-90.3681
-0.1926,51.1818,91.0644,-90.0642
-0.1926,51.1818,91.0644,-90.1101
-0.0977,51.3941,91.0198,-90.0872
-0.0977,51.3944,91.0190,-90.0276
-0.2874,51.4996,90.9955,-90.0591
-0.2874,51.4999,90.9948,-90.1852
-0.1926,51.2894,91.0420,-90.1175
-0.1926,51.2897,91.0413,-90.0827
-0.6725,50.9758,91.1013,-90.3596
-0.6725,50.9758,91.1013,-90.3126
-0.8622,51.0821,91.0753,-90.3383
-0.8622,51.0825,91.0746,-90.4652
-0.7674,51.3981,91.0108,-90.4059
-0.7674,51.3987,91.0093,-90.3629
-9.4949,50.2132,89.8347,-94.4613
-9.4949,50.2132,89.8347,-94.4304
-8.7468,50.4130,90.0190,-94.1479
-8.7468,50.4130,90.0190,-94.1142
-8.0915,51.3634,90.0109,-93.9274
-8.0915,51.3634,90.0109,-93.8815
-7.5272,51.2954,90.1634,-93.5933
-7.5272,51.2954,90.1634,-93.6507
-6.9615,51.5471,90.2387,-93.3404
-6.9615,51.5471,90.2387,-93.4041
-6.1104,52.5226,90.1890,-93.0744
-6.1104,52.5226,90.1890,-93.0053
-6.0138,52.9393,90.1045,-93.0331
-6.0138,52.9393,90.1045,-92.9869
-5.7294,53.2359,90.0798,-92.8464
-5.7294,53.2359,90.0798,-92.8958
-5.4447,55.2692,89.5513,-92.8668
-5.4447,55.2692,89.5513,-92.7997
-4.4005,56.7397,89.2248,-92.3897
-4.4005,56.7397,89.2248,-92.3060
-4.3033,57.4006,89.0057,-92.3583
-4.3033,57.4006,89.0057,-92.2755
-4.4948,57.6357,88.8976,-92.3476
-4.4947,57.6361,88.8963,-92.4644
-5.0656,57.6730,88.8033,-92.7672
-5.0656,57.6730,88.8033,-92.6914
-5.8261,58.1744,88.4978,-93.1961
-5.8261,58.1744,88.4978,-93.1082
-6.8652,58.2638,88.2714,-93.6428
-6.8652,58.2638,88.2714,-93.7296
-9.7743,59.0409,87.2604,-95.2862
-9.7743,59.0409,87.2604,-95.2074
-9.9585,60.7464,86.5166,-95.4001
-9.9585,60.7464,86.5166,-95.4793
-9.8664,61.5274,86.2063,-95.3971
-9.8664,61.5274,86.2063,-95.4863
-9.8664,59.0535,87.2286,-95.3307
-9.8664,59.0535,87.2286,-95.2568
-6.8652,58.2638,88.2714,-93.6460
-6.8652,58.2638,88.2714,-93.7275
-5.8261,58.1744,88.4978,-93.1974
-5.8261,58.1744,88.4978,-93.1073
-5.4447,58.0347,88.6125,-92.9833
-5.4447,58.0347,88.6125,-92.9042
-5.1597,57.6795,88.7869,-92.7258
-5.1597,57.6795,88.7869,-92.8025
-4.5890,57.6418,88.8817,-92.5263
-4.5890,57.6418,88.8817,-92.4289
-4.3034,57.3999,89.0077,-92.4771
-4.3033,57.4006,89.0057,-92.2593
-4.4005,56.8494,89.1871,-92.3755
-4.4005,56.8494,89.1871,-92.3209
-5.3507,55.5904,89.4663,-92.8402
-5.3507,55.5904,89.4663,-92.7595
-5.7294,53.3421,90.0522,-92.8501
-5.7294,53.3421,90.0522,-92.9015
-6.0138,53.0452,90.0778,-93.0391
-6.0138,53.0452,90.0778,-92.9916
-6.1104,52.6270,90.1661,-92.9599
-6.1104,52.6280,90.1635,-93.0754
-7.0550,51.5571,90.2162,-93.3856
-7.0550,51.5571,90.2162,-93.4483
-7.6204,51.3063,90.1390,-93.7176
-7.6204,51.3063,90.1390,-93.6539
-8.1844,51.3751,89.9847,-93.9758
-8.1844,51.3751,89.9847,-93.9226
-8.7468,50.4130,90.0190,-94.1043
-8.7468,50.4130,90.0190,-94.1352
-9.3075,50.3914,89.8605,-94.4051
-9.3075,50.3914,89.8605,-94.3570
-6.3944,49.6161,90.7235,-92.9745
-6.3944,49.6161,90.7235,-93.0228
-6.4881,50.3513,90.5764,-93.0860
-6.4881,50.3513,90.5764,-93.0952
-6.2979,51.0613,90.4772,-93.0836
-6.2979,51.0613,90.4772,-93.0221
-6.4881,51.7102,90.3024,-93.1832
-6.4881,51.7102,90.3024,-93.1600
-6.4881,51.2897,90.3946,-93.1114
-6.4881,51.2906,90.3921,-93.1618
-6.2980,50.9570,90.5001,-93.0948
-6.2979,50.9577,90.4981,-93.0080
-6.4881,50.3513,90.5764,-93.0604
-6.4881,50.3513,90.5764,-93.1077
8.5586,47.9496,90.4295,-86.1339
8.5586,47.9496,90.4295,-86.1566
8.4630,52.4629,89.6726,-85.8807
8.4630,52.4629,89.6726,-85.8402
8.0887,52.9434,89.6535,-86.0373
8.0887,52.9434,89.6535,-85.9761
7.8999,52.9204,89.7065,-86.0023
7.8998,52.9207,89.7059,-86.1356
7.6176,53.2073,89.7016,-86.2399
7.6176,53.2073,89.7016,-86.1863
7.1484,55.2061,89.2491,-86.3539
7.1484,55.2061,89.2491,-86.2971
6.0138,57.7443,88.6237,-86.8262
6.0138,57.7443,88.6237,-86.7418
6.2979,58.1025,88.4409,-86.5637
6.2979,58.1025,88.4409,-86.6420
7.1484,58.4012,88.1615,-86.1920
7.1484,58.4012,88.1615,-86.1223
9.0246,60.6270,86.8276,-85.0003
9.0246,60.6270,86.8276,-85.0796
9.3999,61.3519,86.4150,-84.7584
9.3999,61.3519,86.4150,-84.8417
9.3047,61.4555,86.3958,-84.7543
9.3047,61.4557,86.3955,-84.7982
9.0246,60.7422,86.7788,-85.0768
9.0246,60.7422,86.7788,-85.0128
7.0521,58.3920,88.1851,-86.2587
7.0521,58.3920,88.1851,-86.1623
6.0138,57.8546,88.5835,-86.7251
6.0138,57.8546,88.5835,-86.8013
6.0138,57.5202,88.7058,-86.7907
6.0138,57.5206,88.7044,-86.7815
7.1484,55.2061,89.2491,-86.3550
7.1484,55.2061,89.2491,-86.2964
7.6176,53.1017,89.7283,-86.2530
7.6176,53.1017,89.7283,-86.1894
8.4630,52.4629,89.6726,-85.8952
8.4630,52.4629,89.6726,-85.8324
-3.8286,47.1709,91.4683,-91.7019
-3.8286,47.1709,91.4683,-91.7430
-3.6369,47.0596,91.5032,-91.7178
-3.6368,47.0599,91.5024,-91.6087
-3.7313,47.1648,91.4811,-91.6628
-3.7313,47.1649,91.4808,-91.6973
-3.5424,47.2529,91.4947,-91.6927
-3.5423,47.2533,91.4939,-91.6212
-3.0639,46.7285,91.5955,-91.4066
-3.0639,46.7285,91.5955,-91.3616
-3.1585,47.0330,91.5591,-91.4019
-3.1585,47.0337,91.5576,-91.4363
-2.6826,47.3129,91.5739,-91.2016
-2.6826,47.3129,91.5739,-91.2272
-2.8719,47.3211,91.5567,-91.2156
-2.8719,47.3214,91.5561,-91.2888
-3.1585,47.0337,91.5576,-91.4020
-3.1585,47.0337,91.5576,-91.4363
-3.6368,47.3614,91.4717,-91.6679
-3.6368,47.3614,91.4717,-91.6444
-3.2559,47.6431,91.4827,-91.5253
-3.2559,47.6431,91.4827,-91.4724
-3.0640,47.5300,91.5157,-91.4885
-3.0639,47.5303,91.5150,-91.4150
-2.5851,47.7121,91.5374,-91.1664
-2.5851,47.7121,91.5374,-91.1932
-3.0639,47.5303,91.5150,-91.4168
-3.0639,47.5303,91.5150,-91.3899
-3.2560,47.6428,91.4834,-91.4082
-3.2559,47.6431,91.4827,-91.5234
-3.6368,47.4612,91.4609,-91.6179
-3.6368,47.4612,91.4609,-91.6708
-1.7240,46.4758,91.7213,-90.7943
-1.7240,46.4758,91.7213,-90.7617
-2.0112,47.0853,91.6482,-90.8909
-2.0112,47.0853,91.6482,-90.9195
-2.4904,47.1026,91.6117,-91.1445
-2.4904,47.1026,91.6117,-91.1204
-2.8719,46.7193,91.6148,-91.2573
-2.8719,46.7193,91.6148,-91.3020
-2.5851,47.0071,91.6134,-91.1924
-2.5851,47.0071,91.6134,-91.1576
-2.1088,47.0885,91.6414,-90.9379
-2.1088,47.0885,91.6414,-90.9624
-1.7240,46.4758,91.7213,-90.7968
-1.7240,46.4758,91.7213,-90.7607
-1.9164,46.2807,91.7266,-90.7670
-1.9164,46.2813,91.7254,-90.8391
-3.3505,46.5430,91.5815,-91.4784
-3.3505,46.5430,91.5815,-91.5038
-4.1146,47.0899,91.4395,-91.8799
-4.1146,47.0899,91.4395,-91.8451
-4.2090,47.3969,91.3969,-91.8885
-4.2090,47.3976,91.3954,-91.9187
-4.0174,47.5838,91.4016,-91.9273
-4.0174,47.5844,91.4003,-91.8489
-4.2090,47.4969,91.3854,-91.8120
-4.2090,47.4973,91.3846,-91.8947
-4.2090,47.0952,91.4286,-91.8816
-4.2090,47.0963,91.4261,-91.9044
-3.3505,46.5430,91.5815,-91.4718
-3.3505,46.5430,91.5815,-91.5065
-2.5851,46.3059,91.6744,-91.1284
-2.5851,46.3059,91.6744,-91.1596
-1.8217,46.2784,91.7314,-90.7886
-1.8217,46.2784,91.7314,-90.8206
2.7744,46.4156,91.6493,-88.7395
2.7744,46.4156,91.6493,-88.7722
4.1118,46.4909,91.4930,-88.1860
4.1118,46.4909,91.4930,-88.1626
4.9686,47.0508,91.3172,-87.7408
4.9686,47.0508,91.3172,-87.7788
5.5387,47.2016,91.2051,-87.4903
5.5387,47.2016,91.2051,-87.5167
5.7294,47.5189,91.1396,-87.4688
5.7294,47.5198,91.1376,-87.3819
5.3478,47.6847,91.1880,-87.5345
5.3478,47.6847,91.1880,-87.5834
4.8745,48.3568,91.1834,-87.7752
4.8745,48.3568,91.1834,-87.7382
4.3976,48.4225,91.2452,-87.9848
4.3976,48.4225,91.2452,-87.9547
4.7776,48.3481,91.2020,-87.9823
4.7774,48.3493,91.1994,-87.8320
5.6326,47.4085,91.1672,-87.4224
5.6326,47.4085,91.1672,-87.4712
5.4447,47.1927,91.2240,-87.4741
5.4447,47.1932,91.2228,-87.5830
4.8745,47.0433,91.3330,-87.8292
4.8745,47.0433,91.3330,-87.8012
4.3976,46.6093,91.4436,-88.0077
4.3976,46.6093,91.4436,-88.0517
3.5395,46.3537,91.5753,-88.4518
3.5395,46.3537,91.5753,-88.4160
2.9665,46.3232,91.6386,-88.6972
2.9665,46.3232,91.6386,-88.6733
2.7744,46.5136,91.6426,-88.6680
2.7744,46.5142,91.6413,-88.7445
3.1585,47.1331,91.5477,-88.5991
3.1585,47.1331,91.5477,-88.5589
3.5396,47.1525,91.5069,-88.5778
3.5395,47.1536,91.5044,-88.4314
3.8257,46.8701,91.4975,-88.3043
3.8257,46.8701,91.4975,-88.2719
3.8257,46.6692,91.5159,-88.3038
3.8257,46.6694,91.5153,-88.2826
4.6832,47.2297,91.3445,-87.8579
4.6832,47.2297,91.3445,-87.8976
4.0174,46.7834,91.4809,-88.2198
4.0174,46.7834,91.4809,-88.1913
3.6340,47.1591,91.4929,-88.3217
3.6340,47.1591,91.4929,-88.3716
3.0611,47.1282,91.5580,-88.6353
3.0611,47.1282,91.5580,-88.6062
2.7744,46.7148,91.6241,-88.7360
2.7744,46.7148,91.6241,-88.7625
5.7294,45.2469,91.3021,-87.5615
5.7294,45.2469,91.3021,-87.5234
4.8745,44.3015,91.4766,-87.9548
4.8745,44.3015,91.4766,-87.9360
4.4919,44.0784,91.5387,-88.0914
4.4919,44.0784,91.5387,-88.1169
4.2062,44.0564,91.5824,-88.1054
4.2061,44.0571,91.5810,-88.2138
3.8257,44.3187,91.6310,-88.3545
3.8257,44.3187,91.6310,-88.3859
1.8188,44.5123,91.8183,-89.2054
1.8188,44.5123,91.8183,-89.2277
1.6264,44.7967,91.8241,-89.2061
1.6264,44.7977,91.8220,-89.2861
1.2444,44.5963,91.8458,-89.4448
1.2444,44.5963,91.8458,-89.4740
1.1496,44.9811,91.8405,-89.4512
1.1496,44.9824,91.8378,-89.5217
1.1496,44.5932,91.8521,-89.5059
1.1496,44.5943,91.8497,-89.5071
1.5317,44.6977,91.8325,-89.5041
1.5316,44.6990,91.8299,-89.3641
1.7241,44.5088,91.8252,-89.3406
1.7240,44.5094,91.8240,-89.2333
3.8257,44.3187,91.6310,-88.3934
3.8257,44.3187,91.6310,-88.3718
4.2061,44.0571,91.5810,-88.2525
4.2061,44.0571,91.5810,-88.2214
4.7774,44.1986,91.4932,-87.9752
4.7774,44.1986,91.4932,-87.9903
6.2979,43.3016,91.1918,-87.3947
6.2979,43.3016,91.1918,-87.4308
6.3916,44.2562,91.1852,-87.3399
6.3916,44.2562,91.1852,-87.3147
6.6755,44.3848,91.1227,-87.3131
6.6753,44.3855,91.1212,-87.2126
6.9587,44.8956,91.0484,-87.0210
6.9587,44.8956,91.0484,-87.0569
7.3351,46.3992,90.8904,-86.7790
7.3351,46.3992,90.8904,-86.7874
7.3351,46.9914,90.8447,-86.7696
7.3351,46.9914,90.8447,-86.7323
7.6176,47.7254,90.7042,-86.5437
7.6176,47.7254,90.7042,-86.5814
7.6176,50.7867,90.2433,-86.4025
7.6176,50.7867,90.2433,-86.3389
7.8998,51.1330,90.1061,-86.2369
7.8998,51.1330,90.1061,-86.1922
8.0887,51.0498,90.0758,-86.2398
8.0887,51.0502,90.0750,-86.1544
7.8999,51.2357,90.0865,-86.0673
7.8998,51.2363,90.0852,-86.1664
7.6176,50.7867,90.2433,-86.3990
7.6176,50.7867,90.2433,-86.3407
7.6176,47.7254,90.7042,-86.5452
7.6176,47.7254,90.7042,-86.5808
7.3351,46.9914,90.8447,-86.7679
7.3351,46.9914,90.8447,-86.7330
7.3351,46.3992,90.8904,-86.7586
7.3351,46.3992,90.8904,-86.7955
6.9587,44.8956,91.0484,-87.0541
6.9587,44.8956,91.0484,-87.0447
6.5817,44.3748,91.1425,-87.2217
6.5817,44.3748,91.1425,-87.2417
6.3917,44.4477,91.1850,-87.2155
6.3916,44.4481,91.1842,-87.2966
6.3916,44.6403,91.1826,-87.2827
6.3916,44.6406,91.1820,-87.3013
-0.8622,40.6577,91.6845,-90.3167
-0.8622,40.6577,91.6845,-90.3390
-2.9693,42.6580,91.7037,-91.2010
-2.9693,42.6580,91.7037,-91.2141
-2.4904,41.9823,91.7111,-91.0149
-2.4904,41.9823,91.7111,-90.9934
-1.2472,40.9361,91.7014,-90.4751
-1.2472,40.9361,91.7014,-90.4902
-1.0548,40.9318,91.7095,-90.4858
-1.0547,40.9321,91.7089,-90.3897
-2.6826,40.6242,91.5643,-91.0502
-2.6826,40.6242,91.5643,-91.0306
-3.7313,41.4998,91.5366,-91.4824
-3.7313,41.4998,91.5366,-91.4683
-4.0175,41.5189,91.5003,-91.4711
-4.0174,41.5196,91.4989,-91.5733
-4.9715,42.2403,91.4028,-92.0028
-4.9715,42.2403,91.4028,-91.9881
-4.9715,43.4534,91.4549,-92.0666
-4.9715,43.4534,91.4549,-92.0519
-5.6355,44.9472,91.3297,-92.3849
-5.6355,44.9472,91.3297,-92.4191
-5.7294,46.2243,91.2508,-92.4970
-5.7294,46.2243,91.2508,-92.5309
-6.0138,47.2464,91.1112,-92.7234
-6.0138,47.2464,91.1112,-92.6930
-6.1104,49.2798,90.8337,-92.8885
-6.1104,49.2798,90.8337,-92.8450
-5.9200,50.6090,90.6387,-92.8147
-5.9200,50.6090,90.6387,-92.8546
-5.9200,50.6090,90.6387,-92.8348
-5.9200,50.6090,90.6387,-92.8446
-6.1104,49.2798,90.8337,-92.8793
-6.1104,49.2798,90.8337,-92.8493
-6.0138,47.2464,91.1112,-92.6806
-6.0138,47.2464,91.1112,-92.7110
-5.7294,46.2243,91.2508,-92.5052
-5.7294,46.2243,91.2508,-92.5276
-5.6355,44.9472,91.3297,-92.4339
-5.6355,44.9472,91.3297,-92.4008
-4.9715,43.4534,91.4549,-92.0754
-4.9715,43.4534,91.4549,-92.0489
-4.9715,42.1463,91.3965,-91.9774
-4.9715,42.1463,91.3965,-91.9895
-4.1146,41.5267,91.4855,-91.6133
-4.1146,41.5267,91.4855,-91.6245
-3.8287,41.5056,91.5255,-91.6229
-3.8286,41.5063,91.5241,-91.5203
8.1816,40.3769,90.4288,-86.9458
8.1816,40.3769,90.4288,-86.9542
8.8394,40.7446,90.2741,-86.7054
8.8394,40.7446,90.2741,-86.6828
9.1201,40.7043,90.1749,-86.7179
9.1199,40.7052,90.1733,-86.6047
9.0246,40.7755,90.2167,-86.5682
9.0246,40.7757,90.2164,-86.6353
9.4921,41.1206,90.1022,-86.4348
9.4921,41.1206,90.1022,-86.4196
7.7136,39.0153,90.3162,-87.2462
7.7136,39.0153,90.3162,-87.2381
7.9957,39.3126,90.2934,-87.0977
7.9957,39.3126,90.2934,-87.1218
8.3702,39.2029,90.1518,-87.0124
8.3702,39.2029,90.1518,-86.9995
7.9957,39.3126,90.2934,-87.1062
7.9957,39.3126,90.2934,-87.1196
8.6513,39.8455,90.1876,-86.8567
8.6513,39.8455,90.1876,-86.8395
7.9957,39.3996,90.3110,-87.0952
7.9957,39.3996,90.3110,-87.1120
8.5586,38.5606,89.9413,-87.0247
8.5586,38.5606,89.9413,-87.0017
8.2775,38.5139,90.0250,-87.0001
8.2773,38.5147,90.0236,-87.0960
7.9957,38.7213,90.1635,-87.1655
7.9957,38.7213,90.1635,-87.1756
7.8998,38.7065,90.1900,-87.1710
7.8998,38.7066,90.1899,-87.2154
8.1816,38.4994,90.0510,-87.1422
8.1816,38.4994,90.0510,-87.1327
-9.5872,37.8404,89.3700,-93.2197
-9.5872,37.8404,89.3700,-93.2374
-8.5586,38.2300,89.8567,-92.9531
-8.5586,38.2300,89.8567,-92.9605
-8.7469,38.1773,89.7784,-92.9337
-8.7468,38.1778,89.7776,-93.0317
-9.0274,38.4741,89.7557,-93.1514
-9.0274,38.4741,89.7557,-93.1303
-8.8395,38.1927,89.7512,-93.0775
-8.8394,38.1938,89.7492,-93.0362
-6.2042,37.1537,90.2480,-92.0931
-6.2042,37.1537,90.2480,-92.1039
-6.7717,37.2258,90.1215,-92.2814
-6.7717,37.2258,90.1215,-92.2931
-7.5272,38.0684,90.1443,-92.6005
-7.5272,38.0684,90.1443,-92.6132
-7.5272,38.3985,90.2314,-92.6804
-7.5272,38.4000,90.2289,-92.6320
-7.6205,38.3309,90.1843,-92.6245
-7.6204,38.3311,90.1840,-92.6756
-7.9957,38.6383,90.1439,-92.8119
-7.9957,38.6383,90.1439,-92.8199
-7.8096,38.4412,90.1553,-92.7845
-7.8095,38.4418,90.1541,-92.7271
-7.8095,38.4418,90.1541,-92.7409
-7.8095,38.4418,90.1541,-92.7376
-6.8652,37.2383,90.0996,-92.3318
-6.8652,37.2383,90.0996,-92.3199
-6.5819,37.0372,90.1170,-92.2947
-6.5817,37.0382,90.1150,-92.1967
-3.8286,35.4863,90.1614,-91.2259
-3.8286,35.4863,90.1614,-91.2324
-4.2090,35.7513,90.1986,-91.3618
-4.2090,35.7513,90.1986,-91.3669
-4.1146,35.6633,90.1823,-91.3564
-4.1146,35.6635,90.1819,-91.3264
-4.4947,35.4621,90.0361,-91.4343
-4.4947,35.4621,90.0361,-91.4403
-5.5415,35.8005,89.9471,-91.7757
-5.5415,35.8005,89.9471,-91.7908
-4.7803,35.5678,90.0220,-91.5439
-4.7803,35.5678,90.0220,-91.5334
-4.5891,35.3932,89.9925,-91.5144
-4.5890,35.3939,89.9912,-91.4551
-4.1146,35.6635,90.1819,-91.3382
-4.1146,35.6635,90.1819,-91.3299
5.2538,35.5360,89.9100,-88.3238
5.2538,35.5360,89.9100,-88.3192
5.8233,35.4461,89.7412,-88.1592
5.8233,35.4461,89.7412,-88.1507
5.4447,35.5564,89.8751,-88.2545
5.4447,35.5564,89.8751,-88.2605
5.8233,35.9897,89.9512,-88.1133
5.8233,35.9897,89.9512,-88.1091
5.9171,35.8428,89.8742,-88.1381
5.9171,35.8434,89.8735,-88.0830
6.3916,35.8246,89.7439,-87.9542
6.3916,35.8246,89.7439,-87.9467
6.0141,35.8533,89.8563,-87.9287
6.0138,35.8549,89.8537,-88.0562
5.8233,36.0661,89.9817,-88.0183
5.8233,36.0675,89.9797,-88.1003
6.2013,36.3495,89.9864,-87.9676
6.2013,36.3495,89.9864,-87.9623
6.7689,36.5033,89.8881,-87.7806
6.7689,36.5033,89.8881,-87.7711
5.9171,36.2370,90.0178,-88.0502
5.9171,36.2370,90.0178,-88.0636
5.7294,35.9013,89.9409,-88.1521
5.7294,35.9013,89.9409,-88.1445
3.2531,33.7066,89.4537,-89.0336
3.2531,33.7066,89.4537,-89.0308
3.6341,33.7320,89.4117,-89.0324
3.6340,33.7335,89.4092,-88.9213
3.3477,33.7122,89.4445,-88.9168
3.3476,33.7130,89.4431,-89.0009
3.1585,33.8471,89.5396,-88.9874
3.1585,33.8479,89.5384,-89.0634
3.2531,33.9268,89.5646,-89.0439
3.2531,33.9270,89.5643,-89.0172
4.3033,34.0810,89.4654,-88.7113
4.3033,34.0810,89.4654,-88.7009
4.3976,33.9430,89.3801,-88.7228
4.3976,33.9435,89.3794,-88.6767
4.2062,33.7786,89.3342,-88.7037
4.2061,33.7794,89.3330,-88.7565
3.8259,33.7466,89.3874,-88.7460
3.8257,33.7481,89.3849,-88.8585
4.2063,33.7055,89.2985,-88.8724
4.2061,33.7072,89.2959,-88.7566
4.3976,34.0163,89.4155,-88.6727
4.3976,34.0163,89.4155,-88.6797
4.9686,34.4425,89.5029,-88.4871
4.9686,34.4425,89.5029,-88.4819
6.2013,35.0335,89.4709,-88.0841
6.2013,35.0335,89.4709,-88.0703
6.3916,35.3616,89.5590,-87.9821
6.3916,35.3616,89.5590,-87.9888
7.3351,36.1883,89.6093,-87.6377
7.3351,36.1883,89.6093,-87.6262
8.0887,37.4182,89.7836,-87.2798
8.0887,37.4182,89.7836,-87.2724
9.1199,38.4905,89.7264,-86.8490
9.1199,38.4905,89.7264,-86.8311
9.1199,38.9073,89.8288,-86.8029
9.1199,38.9073,89.8288,-86.7845
8.9321,39.0423,89.9281,-86.7408
8.9320,39.0431,89.9269,-86.8282
8.8394,39.6198,90.0810,-86.7954
8.8394,39.6198,90.0810,-86.8054
9.0246,39.9935,90.0882,-86.6960
9.0246,39.9935,90.0882,-86.7038
9.7715,40.8212,89.9578,-86.3756
9.7715,40.8212,89.9578,-86.3562
9.9585,41.7369,90.0090,-86.2114
9.9585,41.7369,90.0090,-86.1894
9.7715,42.0620,90.1117,-86.2123
9.7715,42.0620,90.1117,-86.2279
9.6794,44.0605,90.2619,-86.0637
9.6794,44.0605,90.2619,-86.0449
9.0246,45.9516,90.4498,-86.1126
9.0246,45.9516,90.4498,-86.1303
9.0246,47.0267,90.3813,-86.0072
9.0246,47.0267,90.3813,-86.0409
8.7440,48.0750,90.3626,-86.0831
8.7440,48.0750,90.3626,-86.0511
9.0246,47.0267,90.3813,-86.0130
9.0246,47.0267,90.3813,-86.0385
9.0246,45.9516,90.4498,-86.1452
9.0246,45.9516,90.4498,-86.1178
9.2124,45.6902,90.4042,-86.1991
9.2123,45.6913,90.4022,-86.0918
9.3999,44.4835,90.3615,-86.1438
9.3999,44.4835,90.3615,-86.1036
9.6794,44.0605,90.2619,-86.0721
9.6794,44.0605,90.2619,-86.0420
9.7715,42.0620,90.1117,-86.2153
9.7715,42.0620,90.1117,-86.2270
9.9585,41.7369,90.0090,-86.2057
9.9585,41.7369,90.0090,-86.1911
9.7715,40.9078,89.9707,-86.3380
9.7715,40.9078,89.9707,-86.3544
9.0246,40.0814,90.1040,-86.6793
9.0246,40.0814,90.1040,-86.6965
8.8394,39.3643,90.0290,-86.8240
8.8394,39.3643,90.0290,-86.8317
8.5588,39.2327,90.0979,-86.8424
8.5586,39.2335,90.0963,-86.9305
8.9324,39.2084,89.9666,-86.9682
8.9320,39.2100,89.9639,-86.8258
8.8395,39.1104,89.9745,-86.8317
8.8394,39.1106,89.9742,-86.8633
9.1199,38.8246,89.8092,-86.8062
9.1199,38.8246,89.8092,-86.7951
9.1199,38.5741,89.7493,-86.8616
9.1199,38.5750,89.7479,-86.8164
8.0887,37.4983,89.8078,-87.2538
8.0887,37.4983,89.8078,-87.2681
7.3351,36.2658,89.6378,-87.6160
7.3351,36.2658,89.6378,-87.6215
6.3916,35.4375,89.5903,-87.9731
6.3916,35.4375,89.5903,-87.9827
6.1076,35.0218,89.4907,-88.1104
6.1076,35.0218,89.4907,-88.0995
4.8745,34.4330,89.5187,-88.5010
4.8745,34.4330,89.5187,-88.5129
4.3976,34.0894,89.4514,-88.6707
4.3976,34.0894,89.4514,-88.6747
3.0611,33.9147,89.5848,-89.0675
3.0611,33.9147,89.5848,-89.0804
1.6264,35.3672,90.3649,-89.4795
1.6264,35.3672,90.3649,-89.4750
1.6264,35.5218,90.4247,-89.4684
1.6264,35.5222,90.4241,-89.4731
1.4369,35.2806,90.3457,-89.4834
1.4368,35.2819,90.3437,-89.5488
1.3392,35.5128,90.4400,-89.5262
1.3392,35.5138,90.4384,-89.5731
1.0519,35.0396,90.2670,-89.6807
1.0519,35.0396,90.2670,-89.6624
1.3392,35.3588,90.3793,-89.5715
1.3392,35.3588,90.3793,-89.5676
1.8188,35.2172,90.2924,-89.4232
1.8188,35.2172,90.2924,-89.4165
2.1059,34.7662,90.0828,-89.3424
2.1059,34.7662,90.0828,-89.3384
4.7774,34.9508,89.7707,-88.5006
4.7774,34.9508,89.7707,-88.5066
4.8745,35.0355,89.7872,-88.4952
4.8745,35.0357,89.7869,-88.4660
4.9686,35.0450,89.7713,-88.4720
4.9686,35.0450,89.7711,-88.4356
5.0628,35.0545,89.7552,-88.4430
5.0628,35.0545,89.7550,-88.4063
5.1597,35.0644,89.7383,-88.4138
5.1597,35.0645,89.7381,-88.3761
5.2538,35.0743,89.7215,-88.3838
5.2538,35.0744,89.7214,-88.3470
5.3478,35.0843,89.7045,-88.3546
5.3478,35.0844,89.7043,-88.3179
5.4447,35.1727,89.7197,-88.3128
5.4447,35.1729,89.7193,-88.2831
5.5387,35.1832,89.7019,-88.2895
5.5387,35.1833,89.7017,-88.2528
5.6326,35.1938,89.6839,-88.2605
5.6326,35.1938,89.6838,-88.2236
5.7294,35.2048,89.6651,-88.2314
5.7294,35.2049,89.6650,-88.1934
5.8233,35.2914,89.6783,-88.1882
5.8233,35.2916,89.6780,-88.1597
5.9171,35.3026,89.6593,-88.1660
5.9171,35.3027,89.6591,-88.1292
5.9171,35.3027,89.6591,-88.1361
5.9171,35.3027,89.6591,-88.1348
5.8233,35.2915,89.6781,-88.1341
5.8233,35.2916,89.6780,-88.1699
5.7294,35.2047,89.6653,-88.1755
5.7294,35.2049,89.6650,-88.2038
5.6326,35.1937,89.6839,-88.1976
5.6326,35.1938,89.6838,-88.2353
5.5387,35.1832,89.7019,-88.2274
5.5387,35.1833,89.7017,-88.2643
5.4447,35.1728,89.7195,-88.2566
5.4447,35.1729,89.7193,-88.2936
5.3478,35.1623,89.7374,-88.2858
5.3478,35.1624,89.7372,-88.3238
5.2538,35.0742,89.7217,-88.3286
5.2538,35.0744,89.7214,-88.3572
5.1597,35.0644,89.7382,-88.3511
5.1597,35.0645,89.7381,-88.3876
5.0628,35.0544,89.7552,-88.3801
5.0628,35.0545,89.7550,-88.4179
4.9686,35.0450,89.7713,-88.4102
4.9686,35.0450,89.7711,-88.4470
4.8745,35.0356,89.7871,-88.4395
4.8745,35.0357,89.7869,-88.4763
4.7775,35.0262,89.8030,-88.4688
4.7774,35.0263,89.8029,-88.5066
4.6832,34.9416,89.7861,-88.5100
4.6832,34.9418,89.7858,-88.5394
3.7313,34.7859,89.8896,-88.8251
3.7313,34.7859,89.8896,-88.8365
3.6340,35.0068,90.0008,-88.8081
3.6340,35.0079,89.9993,-88.8620
3.2531,35.1340,90.1066,-88.9619
3.2531,35.1340,90.1066,-88.9674
3.2531,34.7523,89.9462,-88.9798
3.2531,34.7523,89.9462,-88.9841
3.4450,34.6872,89.8914,-88.9916
3.4450,34.6877,89.8906,-88.9159
3.1585,34.8974,90.0212,-89.0030
3.1585,34.8974,90.0212,-89.0070
3.3476,35.0632,90.0660,-88.9921
3.3476,35.0639,90.0648,-88.9304
-1.6293,34.3681,89.9453,-90.5108
-1.6293,34.3681,89.9453,-90.5017
-2.3957,34.6261,89.9944,-90.7393
-2.3957,34.6261,89.9944,-90.7481
-2.6826,35.0239,90.1327,-90.8641
-2.6826,35.0239,90.1327,-90.8474
-3.3505,35.0641,90.0645,-91.0535
-3.3505,35.0641,90.0645,-91.0622
-2.9695,35.0386,90.1077,-91.0618
-2.9693,35.0401,90.1053,-90.9447
-2.8719,34.8034,90.0198,-90.9193
-2.8719,34.8044,90.0183,-90.8974
-2.8719,34.9579,90.0840,-90.9148
-2.8719,34.9583,90.0833,-90.9053
-2.6826,35.0234,90.1335,-90.9142
-2.6826,35.0239,90.1327,-90.8381
-2.4905,34.8589,90.0864,-90.8401
-2.4904,34.8596,90.0851,-90.7738
-2.5851,34.7885,90.0451,-90.7800
-2.5851,34.7887,90.0448,-90.8167
-2.3958,34.6254,89.9957,-90.7984
-2.3957,34.6261,89.9944,-90.7375
-2.2982,34.6215,90.0023,-90.7486
-2.2982,34.6215,90.0022,-90.7107
-0.9599,33.9021,89.7636,-90.3010
-0.9599,33.9021,89.7636,-90.2887
-1.0547,33.9039,89.7605,-90.2907
-1.0547,33.9040,89.7604,-90.3238
-1.1496,33.9816,89.7938,-90.3208
-1.1496,33.9818,89.7935,-90.3538
-1.2472,33.9841,89.7897,-90.3482
-1.2472,33.9842,89.7896,-90.3838
-1.3420,34.0602,89.8210,-90.3806
-1.3420,34.0604,89.8207,-90.4136
-1.4368,34.0630,89.8164,-90.4079
-1.4368,34.0631,89.8162,-90.4427
-1.3420,33.9865,89.7857,-90.4336
-1.3420,33.9867,89.7854,-90.4030
-1.2472,33.9841,89.7897,-90.4082
-1.2472,33.9842,89.7896,-90.3737
-1.1496,33.9059,89.7572,-90.3766
-1.1496,33.9061,89.7569,-90.3430
-1.0547,33.9039,89.7605,-90.3486
-1.0547,33.9040,89.7604,-90.3142
-9.9585,33.3652,87.2011,-92.7353
-9.9585,33.3652,87.2011,-92.7264
-9.8664,38.3827,89.4131,-93.3731
-9.8664,38.3827,89.4131,-93.3878
-9.5874,38.4120,89.5324,-93.4170
-9.5872,38.4129,89.5308,-93.3090
-9.1199,38.8246,89.8092,-93.2175
-9.1199,38.8246,89.8092,-93.1991
-7.9026,38.9598,90.2467,-92.8106
-7.9026,38.9598,90.2467,-92.8204
-7.6204,39.1724,90.3773,-92.7521
-7.6204,39.1724,90.3773,-92.7410
-7.8095,40.1483,90.5040,-92.8852
-7.8095,40.1483,90.5040,-92.8999
-7.7136,43.0103,90.8315,-93.0941
-7.7136,43.0103,90.8315,-93.1126
-7.5273,43.2625,90.8947,-93.1658
-7.5272,43.2637,90.8927,-93.0690
-7.5272,45.2551,90.8989,-93.2423
-7.5272,45.2551,90.8989,-93.1991
-7.3379,46.4999,90.8827,-93.2083
-7.3379,46.4999,90.8827,-93.2294
-7.0550,47.2562,90.8872,-93.1392
-7.0550,47.2562,90.8872,-93.1614
-6.8652,49.4618,90.6490,-93.1797
-6.8652,49.4618,90.6490,-93.2277
-6.9615,49.9848,90.5411,-93.2904
-6.9615,49.9848,90.5411,-93.2873
-7.6204,50.7870,90.2425,-93.6721
-7.6204,50.7870,90.2425,-93.6261
-7.6204,50.5781,90.2828,-93.6130
-7.6204,50.5783,90.2821,-93.6346
-6.9615,49.8826,90.5586,-93.2544
-6.9615,49.8826,90.5586,-93.2952
-6.8652,49.4608,90.6516,-93.2127
-6.8652,49.4618,90.6490,-93.2121
-7.0550,47.2562,90.8872,-93.1766
-7.0550,47.2562,90.8872,-93.1457
-7.3379,46.4999,90.8827,-93.1904
-7.3379,46.4999,90.8827,-93.2365
-7.5272,45.2551,90.8989,-93.1798
-7.5272,45.2551,90.8989,-93.2225
-7.5272,43.2637,90.8927,-93.0326
-7.5272,43.2637,90.8927,-93.0649
-7.7137,43.0091,90.8335,-92.9963
-7.7136,43.0103,90.8315,-93.0960
-7.8095,40.1483,90.5040,-92.9038
-7.8095,40.1483,90.5040,-92.8948
-7.6204,39.2568,90.3948,-92.7589
-7.6204,39.2568,90.3948,-92.7489
-8.3730,38.8640,90.0757,-92.9442
-8.3730,38.8640,90.0756,-92.9698
-9.2151,38.8416,89.7787,-93.2151
-9.2151,38.8416,89.7787,-93.2399
-9.6794,38.4304,89.4997,-93.3198
-9.6794,38.4304,89.4997,-93.3365
-9.8665,38.4660,89.4361,-93.3265
-9.8664,38.4664,89.4355,-93.4115
-8.4658,33.1383,87.7247,-92.3339
-8.4658,33.1383,87.7247,-92.3418
-8.3730,33.0536,87.7098,-92.3234
-8.3730,33.0537,87.7095,-92.3049
-4.4005,34.6883,89.7301,-91.3550
-4.4005,34.6883,89.7301,-91.3651
-4.1147,34.6629,89.7729,-91.3649
-4.1146,34.6637,89.7715,-91.2784
-3.6368,34.3262,89.6979,-91.1168
-3.6368,34.3262,89.6979,-91.1124
-2.4904,34.1788,89.7812,-90.7707
-2.4904,34.1788,89.7812,-90.7588
-2.0112,34.0094,89.7475,-90.6142
-2.0112,34.0094,89.7475,-90.6096
-1.5345,33.6226,89.5929,-90.4611
-1.5345,33.6226,89.5929,-90.4572
-0.7674,33.6046,89.6228,-90.2350
-0.7674,33.6046,89.6228,-90.2280
-0.0000,33.9685,89.8158,-90.0067
0.0000,33.9685,89.8158,-89.9989
0.8622,35.1150,90.3050,-89.7344
0.8622,35.1150,90.3050,-89.7228
-0.0000,34.0422,89.8511,-89.9929
0.0000,34.0422,89.8511,-90.0012
-0.7674,33.6046,89.6228,-90.2230
-0.7674,33.6046,89.6228,-90.2299
-1.4368,33.6197,89.5978,-90.4234
-1.4368,33.6197,89.5978,-90.4294
-1.9164,34.0057,89.7538,-90.5777
-1.9164,34.0057,89.7538,-90.5822
-2.8719,34.2758,89.7823,-90.8713
-2.8719,34.2758,89.7823,-90.8812
-3.6368,34.3262,89.6979,-91.1060
-3.6368,34.3262,89.6979,-91.1143
-4.0174,34.6557,89.7850,-91.2424
-4.0174,34.6557,89.7850,-91.2462
-4.4006,34.6868,89.7327,-91.2437
-4.4005,34.6883,89.7301,-91.3597
