-0.0000,44.9231,91.8619,-89.9717
-10.5838,60.9052,86.2593,-95.7315
-10.5838,60.9052,86.2593,-95.8109
-10.3858,60.8767,86.3336,-95.7699
-10.3857,60.8769,86.3328,-95.7233
-9.5937,59.9296,86.9605,-95.1506
-9.5937,59.9296,86.9605,-95.2441
-8.1008,58.6777,87.8431,-94.3128
-8.1008,58.6777,87.8431,-94.3916
-10.4833,61.0095,86.2462,-95.7924
-10.4833,61.0095,86.2462,-95.6913
-10.2882,61.2227,86.2155,-95.8263
-10.2880,61.2233,86.2141,-95.6967
-2.4467,60.8088,87.8376,-91.3108
-2.4467,60.8088,87.8376,-91.4224
-10.3857,61.2370,86.1784,-95.7576
-10.3857,61.2370,86.1784,-95.6561
-10.5840,61.1422,86.1586,-95.6906
-10.5838,61.1426,86.1578,-95.7404
-7.6026,58.6244,87.9786,-94.0512
-7.6026,58.6244,87.9786,-94.1299
-6.3974,60.1883,87.6009,-93.5964
-6.3974,60.1883,87.6009,-93.4877
-5.6897,60.6143,87.5446,-93.1092
-5.6897,60.6143,87.5446,-93.2078
-5.9925,60.6366,87.4856,-93.1282
-5.9924,60.6372,87.4840,-93.2720
-6.4971,60.1968,87.5788,-93.6427
-6.4971,60.1968,87.5788,-93.5474
6.3944,53.4920,89.8902,-86.7509
6.3944,53.4920,89.8902,-86.8006
6.6964,53.2908,89.8845,-86.8115
6.6963,53.2918,89.8822,-86.6173
7.1002,53.4492,89.7561,-86.4033
7.1002,53.4492,89.7561,-86.4615
7.4011,53.8237,89.5898,-86.3087
7.4011,53.8237,89.5898,-86.2523
8.0018,54.1181,89.3681,-85.9952
8.0018,54.1181,89.3681,-85.9447
8.6994,55.1228,88.9018,-85.5932
8.6994,55.1228,88.9018,-85.5385
9.6918,55.4878,88.5130,-85.0146
9.6918,55.4878,88.5130,-85.0757
10.8761,56.4730,87.8296,-84.3650
10.8761,56.4730,87.8296,-84.4370
10.9764,61.6830,85.7970,-83.9072
10.9764,61.6830,85.7970,-84.0119
10.8761,56.5875,87.7923,-84.3550
10.8761,56.5875,87.7923,-84.4283
9.5937,55.4739,88.5462,-85.1458
9.5937,55.4739,88.5462,-85.0747
8.6007,55.1104,88.9315,-85.6434
8.6007,55.1104,88.9315,-85.5865
7.8998,54.1062,89.3962,-86.0611
7.8998,54.1062,89.3962,-85.9859
7.2989,53.8126,89.6158,-86.2946
7.2989,53.8126,89.6158,-86.3392
6.9978,53.4385,89.7809,-86.4497
6.9978,53.4385,89.7809,-86.5141
6.5967,53.3983,89.8747,-86.7273
6.5967,53.3983,89.8747,-86.6670
6.2947,53.7125,89.8506,-86.8527
6.2947,53.7125,89.8506,-86.8022
6.1950,54.8532,89.5463,-86.7637
6.1950,54.8532,89.5463,-86.8439
5.3867,57.2439,88.9078,-87.0718
5.3867,57.2439,88.9078,-87.1601
5.2867,58.1869,88.5805,-87.1878
5.2867,58.1869,88.5805,-87.1109
4.8801,59.4730,88.1408,-87.3701
4.8801,59.4730,88.1408,-87.2762
4.0715,61.0002,87.6039,-87.6590
4.0715,61.0002,87.6039,-87.7560
4.9833,59.1195,88.2671,-87.2227
4.9833,59.1195,88.2671,-87.3054
5.3867,57.1270,88.9489,-87.0917
5.3867,57.1270,88.9489,-87.1546
6.1950,54.8532,89.5463,-86.7715
6.1950,54.8532,89.5463,-86.8392
-0.4083,52.0555,90.8670,-90.2445
-0.4083,52.0555,90.8670,-90.1809
-0.9190,52.2855,90.8021,-90.4981
-0.9190,52.2855,90.8021,-90.4378
-1.5304,52.1839,90.8037,-90.8097
-1.5304,52.1839,90.8037,-90.7375
-0.9190,51.8325,90.9084,-90.4807
-0.9190,51.8325,90.9084,-90.4422
-3.3619,51.7980,90.7569,-91.6337
-3.3619,51.7980,90.7569,-91.6744
-3.5630,52.0317,90.6833,-91.6683
-3.5630,52.0322,90.6819,-91.7379
-3.2584,52.2437,90.6660,-91.8008
-3.2583,52.2447,90.6637,-91.5932
-3.4625,52.2545,90.6411,-91.6357
-3.4625,52.2548,90.6404,-91.7698
-3.5630,51.9195,90.7095,-91.6706
-3.5630,51.9202,90.7078,-91.7364
-3.3619,51.7976,90.7577,-91.7689
-3.3619,51.7980,90.7569,-91.6908
-2.8526,52.2265,90.7057,-91.3792
-2.8526,52.2265,90.7057,-91.4427
-2.9533,53.0275,90.4986,-91.5073
-2.9533,53.0275,90.4986,-91.4798
-2.8526,52.3389,90.6788,-91.4075
-2.8526,52.3389,90.6788,-91.4315
-1.1208,50.1518,91.2509,-90.5173
-1.1208,50.1518,91.2509,-90.5504
-0.5092,50.3681,91.2255,-90.2095
-0.5092,50.3681,91.2255,-90.2644
0.2034,51.0381,91.0946,-89.9247
0.2034,51.0381,91.0946,-89.8880
0.3043,51.8270,90.9211,-89.8202
0.3043,51.8270,90.9211,-89.8646
0.3043,51.3761,91.0218,-89.8536
0.3043,51.3761,91.0218,-89.8485
-0.0015,50.8122,91.1418,-89.9629
-0.0015,50.8122,91.1418,-90.0201
-4.0715,47.1099,91.4432,-91.8614
-4.0715,47.1099,91.4432,-91.8266
-3.4625,47.0728,91.5212,-91.5422
-3.4625,47.0728,91.5212,-91.5725
-3.4625,47.5032,91.4762,-91.5699
-3.4625,47.5032,91.4762,-91.5809
-3.6666,47.8367,91.4165,-91.6014
-3.6666,47.8377,91.4142,-91.7162
-3.7671,47.7336,91.4149,-91.6556
-3.7671,47.7338,91.4145,-91.7526
-3.5631,47.6149,91.4531,-91.7022
-3.5630,47.6153,91.4522,-91.5939
-3.4625,47.1818,91.5103,-91.5507
-3.4625,47.1818,91.5103,-91.5740
-4.1719,47.2255,91.4183,-91.9113
-4.1719,47.2255,91.4183,-91.8756
1.2216,46.5628,91.7380,-89.4235
1.2216,46.5628,91.7380,-89.4641
1.5273,46.5689,91.7254,-89.4475
1.5273,46.5696,91.7238,-89.3379
1.6312,46.8910,91.6912,-89.2944
1.6312,46.8918,91.6894,-89.2509
1.5273,46.8891,91.6951,-89.2690
1.5273,46.8892,91.6949,-89.3281
1.5273,46.5689,91.7253,-89.3150
1.5273,46.5696,91.7238,-89.3154
0.4083,46.8717,91.7315,-89.7996
0.4083,46.8717,91.7315,-89.8224
0.4083,46.9774,91.7215,-89.8118
0.4083,46.9775,91.7213,-89.8167
1.0199,47.1998,91.6848,-89.5149
1.0199,47.1998,91.6848,-89.5457
1.1208,47.0952,91.6924,-89.5351
1.1208,47.0954,91.6920,-89.4733
0.9159,46.7705,91.7323,-89.5080
0.9159,46.7715,91.7300,-89.6206
0.9159,46.3442,91.7666,-89.5945
0.9159,46.3442,91.7666,-89.5898
1.4264,46.2491,91.7545,-89.3494
1.4264,46.2491,91.7545,-89.3711
2.9533,46.7267,91.6065,-88.6947
2.9533,46.7267,91.6065,-88.6662
3.7671,47.1996,91.4729,-88.2685
3.7671,47.1996,91.4729,-88.3073
3.9680,47.6397,91.4004,-88.1615
3.9680,47.6397,91.4004,-88.2016
3.0540,48.5627,91.3849,-88.5561
3.0540,48.5627,91.3849,-88.5870
3.1576,48.3487,91.4052,-88.5890
3.1576,48.3491,91.4043,-88.5114
3.0540,48.2364,91.4299,-88.5539
3.0540,48.2366,91.4296,-88.6011
3.6635,47.9443,91.4016,-88.2917
3.6635,47.9443,91.4016,-88.3276
3.9680,47.6397,91.4004,-88.2181
3.9680,47.6397,91.4004,-88.1770
3.8676,47.3109,91.4507,-88.2243
3.8676,47.3116,91.4490,-88.2563
2.4437,46.4941,91.6710,-88.8904
2.4437,46.4941,91.6710,-88.9147
1.1208,46.2428,91.7677,-89.4849
1.1208,46.2428,91.7677,-89.5074
0.9159,46.5564,91.7513,-89.4895
0.9159,46.5575,91.7490,-89.5722
1.2216,47.0973,91.6880,-89.4711
1.2216,47.0973,91.6880,-89.4354
1.7320,47.2155,91.6516,-89.1947
1.7320,47.2155,91.6516,-89.2209
2.1383,46.9072,91.6571,-89.0685
2.1383,46.9072,91.6571,-89.0212
2.1383,46.6927,91.6774,-89.0520
2.1383,46.6931,91.6767,-89.0344
2.7489,47.0370,91.5963,-88.7374
2.7489,47.0370,91.5963,-88.7663
2.8527,47.2563,91.5656,-88.7403
2.8526,47.2567,91.5647,-88.6901
2.3429,46.8091,91.6514,-88.9605
2.3429,46.8091,91.6514,-88.9391
1.8329,47.2184,91.6456,-89.1864
1.8329,47.2184,91.6456,-89.1591
0.7141,47.1955,91.6937,-89.6585
0.7141,47.1955,91.6937,-89.6826
0.4083,47.0858,91.7122,-89.6740
0.4083,47.0867,91.7104,-89.7894
0.7141,46.2367,91.7803,-89.7070
0.7141,46.2367,91.7803,-89.6717
0.3043,46.5515,91.7616,-89.8322
0.3043,46.5515,91.7616,-89.8764
-0.0015,47.1914,91.7023,-89.9738
-0.0015,47.1914,91.7023,-90.0122
0.1025,47.4070,91.6798,-89.9958
0.1025,47.4074,91.6789,-89.9348
0.1025,47.4074,91.6789,-89.9612
0.1025,47.4074,91.6789,-89.9498
0.2034,47.8381,91.6281,-89.8854
0.2034,47.8381,91.6281,-89.9156
-0.0015,47.1914,91.7023,-89.9833
-0.0015,47.1914,91.7023,-90.0081
0.3043,46.4463,91.7705,-89.8864
0.3043,46.4463,91.7705,-89.8545
-4.1719,46.3749,91.4939,-91.8741
-4.1719,46.3749,91.4939,-91.8436
-4.2753,46.9128,91.4344,-91.9244
-4.2753,46.9128,91.4344,-91.9178
-4.7798,47.2696,91.3256,-92.1750
-4.7798,47.2696,91.3256,-92.1521
-5.1866,47.1937,91.2674,-92.3016
-5.1866,47.1937,91.2674,-92.3499
-5.4898,46.7965,91.2511,-92.4186
-5.4898,46.7965,91.2511,-92.4607
-5.8925,47.2574,91.1337,-92.6217
-5.8925,47.2574,91.1337,-92.6612
-5.6898,47.4518,91.1535,-92.6779
-5.6897,47.4526,91.1521,-92.5904
-5.0834,47.5054,91.2524,-92.2827
-5.0834,47.5054,91.2524,-92.3144
-5.7926,47.4622,91.1318,-92.6431
-5.7926,47.4622,91.1318,-92.6057
-5.8925,47.2570,91.1345,-92.5906
-5.8925,47.2574,91.1337,-92.6744
-6.2947,47.5115,91.0278,-92.8081
-6.2947,47.5115,91.0278,-92.8542
-5.6897,46.8148,91.2129,-92.5215
-5.6897,46.8148,91.2129,-92.5428
-5.5898,46.9103,91.2234,-92.5497
-5.5897,46.9104,91.2230,-92.4767
-5.3868,46.6820,91.2805,-92.4819
-5.3867,46.6826,91.2791,-92.3629
-5.1866,47.1937,91.2674,-92.3618
-5.1866,47.1937,91.2674,-92.3245
-4.5793,47.1455,91.3685,-92.0431
-4.5793,47.1455,91.3685,-92.0734
-4.1719,46.5874,91.4771,-91.8855
-4.1719,46.5874,91.4771,-91.8508
-4.5793,46.2998,91.4410,-91.9951
-4.5793,46.2998,91.4410,-92.0403
-5.5897,46.5932,91.2498,-92.5115
-5.5897,46.5932,91.2498,-92.4687
-5.6897,46.4980,91.2389,-92.4707
-5.6897,46.4981,91.2386,-92.5389
-7.1002,47.5996,90.8423,-93.1783
-7.1002,47.5996,90.8423,-93.2054
-7.0008,47.6935,90.8556,-93.2140
-7.0008,47.6937,90.8552,-93.1374
-7.1002,47.4939,90.8541,-93.1329
-7.1002,47.4943,90.8532,-93.2146
-6.8984,47.2571,90.9244,-93.1489
-6.8983,47.2577,90.9230,-93.0615
-5.6897,46.4981,91.2386,-92.4858
-5.6897,46.4981,91.2386,-92.5328
-4.9833,44.3594,91.4579,-92.1245
-4.9833,44.3594,91.4579,-92.1007
-3.3619,44.6567,91.6812,-91.4529
-3.3619,44.6567,91.6812,-91.4340
-3.2583,44.9597,91.6857,-91.4672
-3.2583,44.9606,91.6840,-91.3816
-3.5631,45.1822,91.6434,-91.4289
-3.5630,45.1833,91.6411,-91.5265
-4.2753,44.9196,91.5572,-91.8533
-4.2753,44.9196,91.5572,-91.8302
-5.0834,45.0887,91.4250,-92.2043
-5.0834,45.0887,91.4250,-92.1790
-4.2753,44.9196,91.5572,-91.8182
-4.2753,44.9196,91.5572,-91.8433
-3.6666,45.1895,91.6284,-91.5721
-3.6666,45.1895,91.6284,-91.5938
-3.2583,44.9606,91.6840,-91.4284
-3.2583,44.9606,91.6840,-91.3962
-3.4625,44.6613,91.6718,-91.3825
-3.4625,44.6625,91.6695,-91.4683
-4.2753,44.6108,91.5650,-91.8407
-4.2753,44.6108,91.5650,-91.8168
-4.5793,44.3264,91.5237,-91.9183
-4.5793,44.3264,91.5237,-91.9446
2.8526,44.2172,91.7417,-88.7709
2.8526,44.2172,91.7417,-88.7971
2.7489,44.3166,91.7507,-88.7798
2.7489,44.3168,91.7504,-88.8497
2.3429,43.9924,91.7879,-88.9893
2.3429,43.9924,91.7879,-89.0183
1.7320,44.1737,91.8287,-89.2775
1.7320,44.1737,91.8287,-89.2601
0.2034,44.1486,91.8787,-89.9443
0.2034,44.1486,91.8787,-89.9025
-0.6132,44.6669,91.8636,-90.2817
-0.6132,44.6669,91.8636,-90.2569
-0.4083,44.3549,91.8761,-90.2615
-0.4083,44.3560,91.8739,-90.1860
0.2034,44.1486,91.8787,-89.9016
0.2034,44.1486,91.8787,-89.9180
1.7320,44.1737,91.8287,-89.2340
1.7320,44.1737,91.8287,-89.2758
2.0376,43.9799,91.8128,-89.2698
2.0376,43.9810,91.8106,-89.1561
8.7980,42.6303,90.4890,-86.5094
8.7980,42.6303,90.4890,-86.5208
8.8995,43.7283,90.5103,-86.3649
8.8995,43.7283,90.5103,-86.3807
8.1008,46.1488,90.7078,-86.4684
8.1008,46.1488,90.7078,-86.4915
8.0018,47.3933,90.6390,-86.3953
8.0018,47.3933,90.6390,-86.4445
7.5004,48.0733,90.6941,-86.6235
7.5004,48.0733,90.6941,-86.5846
7.4011,50.6730,90.3164,-86.5067
7.4011,50.6730,90.3164,-86.4473
7.1995,51.7653,90.1390,-86.5216
7.1995,51.7653,90.1390,-86.4774
6.9978,52.0791,90.1155,-86.4409
6.9978,52.0802,90.1132,-86.5335
7.1002,53.2204,89.8152,-86.4752
7.1002,53.2204,89.8152,-86.4420
6.9978,52.0802,90.1132,-86.5366
6.9978,52.0802,90.1132,-86.5862
7.4011,50.6730,90.3163,-86.4276
7.4011,50.6730,90.3164,-86.4863
7.5004,48.0733,90.6941,-86.5720
7.5004,48.0733,90.6941,-86.6070
8.0018,47.3933,90.6390,-86.4075
8.0018,47.3933,90.6390,-86.4394
8.1008,46.1488,90.7078,-86.5130
8.1008,46.1488,90.7078,-86.4740
8.6007,44.2812,90.6120,-86.4221
8.6007,44.2812,90.6120,-86.4481
8.8995,43.7283,90.5103,-86.3999
8.8995,43.7283,90.5103,-86.3689
10.2851,42.5994,89.9700,-85.9610
10.2851,42.5994,89.9700,-85.9912
10.0896,42.5624,90.0409,-85.9734
10.0895,42.5627,90.0402,-86.0835
10.0895,42.5627,90.0402,-86.0491
10.0895,42.5627,90.0402,-86.0599
9.2961,42.1328,90.2851,-86.3941
9.2961,42.1328,90.2851,-86.3833
9.5939,42.3766,90.2060,-86.3501
9.5937,42.3777,90.2037,-86.2632
9.5937,42.3777,90.2037,-86.2511
9.5937,42.3777,90.2037,-86.2548
9.5937,42.5683,90.2198,-86.2062
9.5937,42.5687,90.2191,-86.2428
9.0964,41.9065,90.3309,-86.4689
9.0964,41.9065,90.3309,-86.4837
8.8995,42.3557,90.4360,-86.4926
8.8995,42.3557,90.4360,-86.5116
8.8995,42.3557,90.4360,-86.5057
8.8995,42.3557,90.4360,-86.5076
3.1576,39.8162,91.4008,-88.8016
3.1576,39.8162,91.4008,-88.8152
4.6796,40.4913,91.2805,-88.2007
4.6796,40.4913,91.2805,-88.2172
5.0834,41.2926,91.3035,-88.0264
5.0834,41.2926,91.3035,-88.0144
5.0834,42.1673,91.3781,-87.9897
5.0834,42.1673,91.3781,-87.9617
4.8801,42.4431,91.4335,-87.9300
4.8801,42.4444,91.4312,-88.0227
4.8801,42.8395,91.4510,-88.0213
4.8801,42.8395,91.4510,-88.0101
5.1835,43.7678,91.4229,-87.8196
5.1835,43.7678,91.4229,-87.8492
5.6897,44.4239,91.3291,-87.6197
5.6897,44.4239,91.3291,-87.5897
6.2947,46.8745,91.0887,-87.1683
6.2947,46.8745,91.0887,-87.2096
6.4971,48.3915,90.8825,-87.0391
6.4971,48.3915,90.8825,-87.0083
6.4971,50.1349,90.6137,-86.8784
6.4971,50.1349,90.6137,-86.9341
6.2948,50.3359,90.6195,-86.8700
6.2947,50.3366,90.6180,-86.9676
6.2947,50.8886,90.5125,-86.9851
6.2947,50.8886,90.5125,-86.9596
6.4971,51.3565,90.3765,-86.8136
6.4971,51.3565,90.3765,-86.8645
6.2947,50.8886,90.5125,-87.0029
6.2947,50.8886,90.5125,-86.9507
6.2947,50.3366,90.6180,-86.9706
6.2947,50.3366,90.6180,-87.0119
6.4971,50.1342,90.6152,-87.0276
6.4971,50.1349,90.6137,-86.9421
6.4971,48.3915,90.8825,-87.0459
6.4971,48.3915,90.8825,-87.0053
5.8925,45.0586,91.2766,-87.4661
5.8925,45.0587,91.2765,-87.4805
4.8801,42.9410,91.4551,-87.9795
4.8801,42.9410,91.4551,-88.0170
4.8801,42.1493,91.4127,-88.0320
4.8801,42.1493,91.4127,-88.0544
5.0835,42.1670,91.3788,-88.0492
5.0834,42.1673,91.3781,-87.9429
5.0834,41.2926,91.3035,-87.9950
5.0834,41.2926,91.3035,-88.0238
4.5763,40.4825,91.2967,-88.2413
4.5763,40.4825,91.2967,-88.2559
-5.0834,39.5909,91.0691,-91.8676
-5.0834,39.5909,91.0691,-91.8890
-5.3867,39.9918,91.0767,-92.0124
-5.3867,39.9918,91.0767,-92.0208
-5.0834,40.2440,91.1736,-91.9337
-5.0834,40.2440,91.1736,-91.9198
-5.3867,39.9918,91.0767,-92.0087
-5.3867,39.9918,91.0767,-92.0218
-6.2947,40.8442,91.0022,-92.3844
-6.2947,40.8442,91.0022,-92.4157
-7.1002,41.2285,90.8510,-92.7416
-7.1002,41.2285,90.8510,-92.7319
-7.6026,41.7759,90.7738,-92.9501
-7.6026,41.7759,90.7738,-92.9682
-7.7017,43.6506,90.8582,-93.1759
-7.7017,43.6506,90.8582,-93.1485
-8.0018,43.9921,90.7825,-93.2894
-8.0018,43.9921,90.7825,-93.3043
-8.4003,45.2638,90.6611,-93.5761
-8.4003,45.2638,90.6611,-93.5601
-8.9980,48.0647,90.2894,-94.0174
-8.9980,48.0647,90.2894,-94.0585
-9.0994,50.4540,89.9109,-94.2567
-9.0994,50.4540,89.9109,-94.2993
-8.8995,52.4213,89.5638,-94.3732
-8.8995,52.4213,89.5638,-94.3314
-9.0994,50.4540,89.9109,-94.3221
-9.0994,50.4540,89.9109,-94.2678
-8.9980,48.0647,90.2894,-94.0647
-8.9980,48.0647,90.2894,-94.0382
-8.4003,45.2638,90.6612,-93.5875
-8.4003,45.2638,90.6611,-93.5559
-8.0018,43.9921,90.7825,-93.2903
-8.0018,43.9921,90.7825,-93.3040
-7.7017,43.5520,90.8556,-93.1205
-7.7017,43.5520,90.8556,-93.1567
-7.6026,41.6778,90.7643,-92.9402
-7.6026,41.6778,90.7643,-92.9604
-7.1995,41.2415,90.8265,-92.7817
-7.1995,41.2415,90.8265,-92.7687
-6.3974,40.8561,90.9798,-92.4713
-6.3974,40.8561,90.9798,-92.4405
-5.5897,40.2007,91.0676,-92.1262
-5.5897,40.2007,91.0676,-92.1007
8.1008,39.6882,90.3348,-87.0674
8.1008,39.6882,90.3347,-87.0397
8.3016,39.9029,90.3130,-87.0111
8.3015,39.9037,90.3115,-86.9416
8.3015,40.1793,90.3611,-86.8980
8.3015,40.1802,90.3595,-86.9381
8.8995,40.8349,90.2671,-86.6706
8.8995,40.8349,90.2671,-86.6542
8.6010,40.6897,90.3461,-86.6726
8.6007,40.6906,90.3444,-86.7680
8.3015,40.2718,90.3747,-86.9385
8.3015,40.2718,90.3747,-86.9158
8.1997,38.3549,90.0088,-87.1546
8.1997,38.3549,90.0088,-87.1405
7.8998,38.6624,90.1795,-87.2016
7.8998,38.6624,90.1795,-87.2132
8.3015,39.3562,90.2061,-86.9918
8.3015,39.3562,90.2061,-87.0144
8.6994,39.6005,90.1247,-86.8605
8.6994,39.6005,90.1247,-86.8498
8.6994,39.7833,90.1607,-86.8091
8.6994,39.7837,90.1600,-86.8396
9.1978,40.4198,90.1015,-86.6072
9.1978,40.4198,90.1015,-86.5961
9.4955,41.3119,90.1261,-86.4016
9.4955,41.3119,90.1261,-86.4012
9.3944,41.5764,90.1956,-86.3268
9.3944,41.5775,90.1938,-86.4327
10.3857,42.4256,89.9170,-85.9593
10.3857,42.4256,89.9170,-85.9710
9.6918,42.0097,90.1351,-86.2357
9.6918,42.0097,90.1351,-86.2648
8.9980,41.3195,90.2986,-86.5574
8.9980,41.3195,90.2986,-86.5793
8.9980,41.1324,90.2756,-86.6174
8.9980,41.1328,90.2749,-86.5863
9.1978,41.5436,90.2578,-86.4722
9.1978,41.5436,90.2578,-86.4838
9.4958,41.5006,90.1512,-86.5129
9.4955,41.5016,90.1494,-86.3925
9.3944,40.9198,90.1090,-86.4676
9.3944,40.9198,90.1090,-86.4811
8.6994,39.8743,90.1769,-86.8143
8.6994,39.8743,90.1769,-86.8265
8.6994,39.6930,90.1435,-86.8662
8.6994,39.6934,90.1428,-86.8363
8.3015,39.4460,90.2243,-86.9927
8.3015,39.4460,90.2243,-87.0031
8.0018,38.7691,90.1727,-87.1744
8.0018,38.7691,90.1727,-87.1651
7.8009,38.6469,90.2073,-87.1832
7.8008,38.6474,90.2064,-87.2602
-0.5092,38.7082,91.3817,-90.1734
-0.5092,38.7082,91.3817,-90.1889
-1.1208,39.2711,91.4703,-90.4006
-1.1208,39.2711,91.4703,-90.4203
-2.0376,39.2979,91.4214,-90.7625
-2.0376,39.2979,91.4214,-90.7545
-3.2583,39.9179,91.4048,-91.2382
-3.2583,39.9179,91.4048,-91.2264
-5.9924,42.3540,91.2124,-92.3864
-5.9924,42.3540,91.2124,-92.3998
-4.6796,41.0637,91.3502,-91.8059
-4.6796,41.0637,91.3502,-91.8198
-4.8831,40.8909,91.2968,-91.7906
-4.8831,40.8917,91.2954,-91.8765
-5.9924,41.9642,91.1843,-92.3824
-5.9924,41.9642,91.1843,-92.3678
-4.0715,40.0657,91.3177,-91.5259
-4.0715,40.0657,91.3177,-91.5418
-4.7798,40.8826,91.3124,-91.8255
-4.7798,40.8826,91.3124,-91.8508
-4.5794,41.0545,91.3674,-91.8690
-4.5793,41.0553,91.3660,-91.7859
-3.4625,40.0236,91.3956,-91.3017
-3.4625,40.0236,91.3956,-91.3115
-2.0376,39.2979,91.4214,-90.7471
-2.0376,39.2979,91.4214,-90.7586
-1.1208,39.2711,91.4703,-90.4099
-1.1208,39.2711,91.4703,-90.4178
-9.7928,38.8119,89.5531,-93.4041
-9.7928,38.8119,89.5531,-93.4166
-9.6948,38.9680,89.6299,-93.4648
-9.6948,38.9685,89.6291,-93.3865
-10.0895,39.3117,89.5536,-93.5611
-10.0895,39.3117,89.5536,-93.5692
-10.4833,40.1116,89.5600,-93.8003
-10.4833,40.1116,89.5600,-93.7883
-10.5838,41.0493,89.6773,-93.9469
-10.5838,41.0493,89.6773,-93.9355
-10.3858,41.1042,89.7653,-93.9740
-10.3857,41.1048,89.7644,-93.8864
-10.8791,41.8588,89.6638,-94.1263
-10.8791,41.8588,89.6638,-94.1373
-10.9764,42.2566,89.6669,-94.2094
-10.9764,42.2566,89.6669,-94.2180
-10.3857,42.6186,89.9333,-94.0436
-10.3857,42.6186,89.9333,-94.0567
-10.2881,42.8885,89.9924,-94.1345
-10.2880,42.8896,89.9906,-94.0222
-10.3857,45.8938,89.9983,-94.3829
-10.3857,45.8938,89.9983,-94.4159
-10.0895,47.4974,89.9991,-94.4209
-10.0895,47.4974,89.9991,-94.4598
-10.0895,49.1980,89.8030,-94.5853
-10.0895,49.1980,89.8030,-94.6176
-9.8908,49.8128,89.7762,-94.6181
-9.8908,49.8128,89.7762,-94.5594
-9.9917,51.3573,89.4667,-94.7992
-9.9917,51.3573,89.4668,-94.7350
-9.4955,51.7262,89.5449,-94.5218
-9.4955,51.7262,89.5449,-94.5866
-8.9980,55.2754,88.7755,-94.6292
-8.9980,55.2754,88.7755,-94.5775
-8.6007,57.0866,88.2963,-94.4717
-8.6007,57.0866,88.2963,-94.5508
-8.1008,58.4428,87.9320,-94.2880
-8.1008,58.4428,87.9320,-94.3857
-8.6007,57.0866,88.2963,-94.5670
-8.6007,57.0866,88.2963,-94.4900
-8.9980,55.2754,88.7755,-94.5476
-8.9980,55.2754,88.7755,-94.6258
-9.4955,51.8362,89.5215,-94.5970
-9.4955,51.8362,89.5215,-94.5617
-9.9917,51.4699,89.4441,-94.8040
-9.9917,51.4699,89.4441,-94.7469
-9.8908,49.8128,89.7762,-94.5434
-9.8908,49.8128,89.7762,-94.5940
-10.0895,49.1980,89.8030,-94.6252
-10.0895,49.1980,89.8030,-94.5997
-10.0895,47.4974,89.9991,-94.4648
-10.0895,47.4974,89.9991,-94.4416
-10.3857,45.8938,89.9983,-94.4267
-10.3857,45.8938,89.9983,-94.3993
-10.2880,42.8896,89.9906,-94.0618
-10.2880,42.8896,89.9906,-94.0454
-10.9764,42.3536,89.6764,-94.2388
-10.9764,42.3536,89.6764,-94.2244
-10.9764,42.0678,89.6489,-94.1470
-10.9764,42.0687,89.6474,-94.2070
-10.4833,41.2163,89.7415,-93.9042
-10.4833,41.2163,89.7415,-93.9304
-10.4833,40.1116,89.5600,-93.7785
-10.4833,40.1116,89.5600,-93.7941
-10.0895,39.3117,89.5536,-93.5596
-10.0895,39.3117,89.5536,-93.5696
-9.6948,38.8808,89.6080,-93.3970
-9.6948,38.8808,89.6080,-93.3903
6.0922,37.8859,90.4823,-87.8939
6.0922,37.8859,90.4823,-87.8750
6.4971,38.3799,90.5067,-87.7104
6.4971,38.3799,90.5067,-87.7029
7.5996,38.5293,90.2389,-87.3170
7.5996,38.5293,90.2389,-87.3241
7.1995,38.5607,90.3622,-87.4437
7.1995,38.5607,90.3622,-87.4553
7.8008,39.0973,90.3077,-87.2136
7.8008,39.0973,90.3077,-87.2000
6.9978,38.4447,90.3905,-87.5173
6.9978,38.4447,90.3905,-87.5338
6.1950,38.3432,90.5725,-87.7925
6.1950,38.3432,90.5725,-87.8136
6.2947,38.0869,90.4870,-87.8562
6.2947,38.0880,90.4852,-87.7810
-9.6948,38.1783,89.4250,-93.2932
-9.6948,38.1783,89.4250,-93.3110
-9.5937,38.4195,89.5321,-93.3820
-9.5937,38.4206,89.5304,-93.2875
-9.5937,38.3340,89.5074,-93.2864
-9.5937,38.3341,89.5072,-93.2974
-7.5004,37.3755,89.9567,-92.5300
-7.5004,37.3755,89.9567,-92.5386
-7.1997,37.5020,90.0860,-92.5790
-7.1995,37.5035,90.0838,-92.4592
-5.6897,37.3138,90.4180,-91.9398
-5.6897,37.3138,90.4180,-91.9470
-7.3019,37.5180,90.0582,-92.4934
-7.3019,37.5180,90.0582,-92.4856
-5.4898,36.4330,90.1859,-91.8132
-5.4898,36.4330,90.1859,-91.8188
-5.7928,36.2952,90.0711,-91.7874
-5.7926,36.2967,90.0688,-91.8991
-7.1995,36.4781,89.7549,-92.3623
-7.1995,36.4781,89.7549,-92.3574
-5.4898,36.3491,90.1572,-91.8067
-5.4898,36.3491,90.1572,-91.8129
-5.5898,36.5275,90.1962,-91.8376
-5.5897,36.5281,90.1953,-91.8606
-7.1002,36.8039,89.8952,-92.3625
-7.1002,36.8039,89.8952,-92.3566
-7.9028,36.5840,89.5713,-92.5700
-7.9028,36.5840,89.5713,-92.5860
-8.2029,36.6314,89.4892,-92.5768
-8.2027,36.6323,89.4876,-92.6744
-7.0008,36.7901,89.9193,-92.3209
-7.0008,36.7901,89.9193,-92.3262
-7.5004,35.8588,89.4318,-92.3783
-7.5004,35.8588,89.4318,-92.3909
-7.6026,35.9556,89.4373,-92.4050
-7.6026,35.9558,89.4370,-92.4337
-7.7017,35.8894,89.3793,-92.4077
-7.7017,35.8897,89.3789,-92.4601
-7.8008,35.9051,89.3525,-92.4480
-7.8008,35.9052,89.3523,-92.4890
-7.9029,36.0026,89.3568,-92.4981
-7.9028,36.0028,89.3564,-92.5274
-8.0018,36.0186,89.3293,-92.5197
-8.0018,36.0187,89.3292,-92.5601
-7.9029,35.9212,89.3250,-92.5346
-7.9028,35.9214,89.3246,-92.5100
-7.8008,35.9051,89.3525,-92.5168
-7.8008,35.9052,89.3523,-92.4756
-7.7017,35.8896,89.3791,-92.4855
-7.7017,35.8897,89.3789,-92.4449
-7.6026,35.9556,89.4373,-92.4734
-7.6026,35.9558,89.4370,-92.4202
-5.8925,35.8910,89.8975,-91.8995
-5.8925,35.8910,89.8975,-91.9050
-7.1995,36.2268,89.6647,-92.3379
-7.1995,36.2268,89.6647,-92.3338
-7.9028,36.1688,89.4200,-92.5300
-7.9028,36.1688,89.4200,-92.5421
-8.5020,36.4320,89.3106,-92.7385
-8.5020,36.4320,89.3106,-92.7474
-8.2027,36.1331,89.3042,-92.6119
-8.2027,36.1331,89.3042,-92.6273
-8.1008,36.2821,89.3968,-92.6670
-8.1008,36.2827,89.3959,-92.5996
-7.1995,36.1443,89.6343,-92.3388
-7.1995,36.1443,89.6343,-92.3242
-7.1002,35.9628,89.5968,-92.2930
-7.1002,35.9633,89.5959,-92.2768
-7.3020,35.9101,89.5153,-92.2595
-7.3019,35.9107,89.5144,-92.3497
-7.4011,35.4349,89.2910,-92.3137
-7.4011,35.4349,89.2910,-92.3176
-7.1996,35.1614,89.2403,-92.2657
-7.1995,35.1627,89.2380,-92.2250
-7.5006,35.1273,89.1285,-92.2103
-7.5004,35.1284,89.1267,-92.3109
-7.7018,35.3179,89.1448,-92.3480
-7.7017,35.3186,89.1434,-92.4000
-7.8008,35.7406,89.2867,-92.4614
-7.8008,35.7406,89.2867,-92.4657
-7.6026,35.1442,89.1001,-92.3469
-7.6026,35.1442,89.1001,-92.3449
-7.1995,35.0833,89.2031,-92.2277
-7.1995,35.0833,89.2031,-92.2227
-7.3019,35.8292,89.4825,-92.3161
-7.3019,35.8292,89.4825,-92.3291
-7.0010,35.9478,89.6223,-92.3671
-7.0008,35.9492,89.6201,-92.2528
-6.5967,35.8123,89.6831,-92.1181
-6.5967,35.8123,89.6831,-92.1125
-7.1002,35.9633,89.5959,-92.2733
-7.1002,35.9633,89.5959,-92.2807
-7.1002,36.1296,89.6595,-92.3144
-7.1002,36.1301,89.6588,-92.2913
3.8676,34.7096,89.8341,-88.8002
3.8676,34.7096,89.8341,-88.7965
3.8676,34.8693,89.9043,-88.7783
3.8676,34.8698,89.9037,-88.7904
3.2583,34.8262,89.9773,-88.9722
3.2583,34.8262,89.9773,-88.9797
3.4625,34.7592,89.9203,-88.9870
3.4625,34.7597,89.9195,-88.9063
3.3589,34.6724,89.8968,-88.9290
3.3588,34.6726,89.8965,-88.9591
4.3757,34.4296,89.6175,-88.6697
4.3757,34.4296,89.6175,-88.6579
5.0834,34.5789,89.5409,-88.4457
5.0834,34.5789,89.5409,-88.4379
4.5763,34.4478,89.5869,-88.5941
4.5763,34.4478,89.5869,-88.5995
4.5763,34.6867,89.6976,-88.5648
4.5763,34.6878,89.6960,-88.5868
5.0834,34.8992,89.6838,-88.4214
5.0834,34.8992,89.6838,-88.4157
5.5897,34.8741,89.5566,-88.2722
5.5897,34.8741,89.5566,-88.2658
5.7897,35.0560,89.5886,-88.2416
5.7896,35.0568,89.5872,-88.1840
5.5898,35.1960,89.6967,-88.1639
5.5897,35.1969,89.6953,-88.2566
5.6897,35.0446,89.6077,-88.2680
5.6897,35.0452,89.6068,-88.2156
5.4868,34.8617,89.5775,-88.2510
5.4867,34.8625,89.5761,-88.3069
4.7798,34.7891,89.6999,-88.5083
4.7798,34.7891,89.6999,-88.5168
4.3757,34.5902,89.6909,-88.6463
4.3757,34.5902,89.6909,-88.6505
2.1383,33.9654,89.7147,-89.3557
2.1383,33.9654,89.7147,-89.3522
2.5475,33.6721,89.5267,-89.2440
2.5475,33.6721,89.5267,-89.2399
2.7489,33.6826,89.5094,-89.2409
2.7489,33.6830,89.5087,-89.1708
2.5475,33.7488,89.5667,-89.1751
2.5475,33.7493,89.5658,-89.2479
2.8527,33.8426,89.5785,-89.2303
2.8526,33.8436,89.5767,-89.1458
2.9533,33.6144,89.4500,-89.1643
2.9533,33.6156,89.4483,-89.1166
3.1577,33.7071,89.4687,-89.1174
3.1576,33.7077,89.4678,-89.0497
2.9534,33.8486,89.5682,-89.0448
2.9533,33.8496,89.5668,-89.1246
2.5475,33.7493,89.5658,-89.2344
2.5475,33.7493,89.5658,-89.2382
2.1383,34.0437,89.7524,-89.3464
2.1383,34.0437,89.7524,-89.3510
2.1383,34.2811,89.8663,-89.3344
2.1383,34.2822,89.8647,-89.3447
2.5475,34.5421,89.9413,-89.2130
2.5475,34.5421,89.9413,-89.2086
3.9680,34.0790,89.5253,-88.8143
3.9680,34.0790,89.5253,-88.7992
3.9680,33.7667,89.3698,-88.8156
3.9680,33.7667,89.3698,-88.8196
4.1719,33.7833,89.3423,-88.8199
4.1719,33.7837,89.3416,-88.7488
4.1719,34.0959,89.4971,-88.7437
4.1719,34.0959,89.4971,-88.7396
5.1835,34.3510,89.4121,-88.4348
5.1835,34.3510,89.4121,-88.4244
5.5897,34.7128,89.4845,-88.2824
5.5897,34.7128,89.4845,-88.2787
5.3868,34.6898,89.5233,-88.2775
5.3867,34.6902,89.5226,-88.3523
5.3867,34.5294,89.4499,-88.3657
5.3867,34.5299,89.4492,-88.3509
5.0836,34.3392,89.4320,-88.3771
5.0834,34.3405,89.4297,-88.4696
3.8676,34.0710,89.5387,-88.8214
3.8676,34.0710,89.5387,-88.8333
2.4437,34.5369,89.9501,-89.2441
2.4437,34.5369,89.9501,-89.2409
2.1384,34.3624,89.9044,-89.2529
2.1383,34.3638,89.9021,-89.3381
-0.2034,34.1575,89.9046,-90.0659
-0.2034,34.1575,89.9046,-90.0617
0.3043,34.5603,90.0858,-89.9102
0.3043,34.5603,90.0858,-89.9042
1.1208,33.6187,89.6152,-89.6720
1.1208,33.6187,89.6152,-89.6645
1.8329,33.0990,89.2924,-89.4727
1.8329,33.0990,89.2924,-89.4668
2.3429,32.5208,88.9089,-89.3440
2.3429,32.5208,88.9089,-89.3402
2.9533,32.6280,88.8984,-89.1697
2.9533,32.6280,88.8984,-89.1657
3.7671,33.4400,89.2338,-88.9004
3.7671,33.4400,89.2338,-88.8946
4.8801,33.6939,89.1520,-88.5691
4.8801,33.6939,89.1520,-88.5595
5.7896,34.2606,89.2222,-88.2640
5.7896,34.2606,89.2222,-88.2560
5.9924,34.6001,89.3313,-88.1648
5.9924,34.6001,89.3313,-88.1713
6.7988,35.3482,89.4384,-87.8747
6.7988,35.3482,89.4384,-87.8667
7.7017,36.8056,89.7126,-87.4624
7.7017,36.8056,89.7126,-87.4542
8.6007,37.8951,89.7505,-87.0737
8.6007,37.8951,89.7505,-87.0610
8.6994,39.4209,90.0885,-86.8591
8.6994,39.4209,90.0885,-86.8735
8.6994,38.1735,89.7930,-87.0114
8.6994,38.1735,89.7930,-87.0002
8.3015,37.5001,89.7374,-87.2115
8.3015,37.5001,89.7374,-87.1961
7.7017,36.8921,89.7415,-87.4407
7.7017,36.8921,89.7415,-87.4483
6.7988,35.4286,89.4720,-87.8559
6.7988,35.4286,89.4720,-87.8614
5.6897,34.2488,89.2419,-88.2803
5.6897,34.2488,89.2419,-88.2879
4.5763,33.5880,89.1607,-88.6476
4.5763,33.5880,89.1607,-88.6558
3.6635,33.4321,89.2469,-88.9191
3.6635,33.4321,89.2469,-88.9267
2.8526,32.6219,88.9084,-89.1907
2.8526,32.6219,88.9084,-89.1951
2.4437,32.5258,88.9007,-89.3101
2.4437,32.5258,88.9007,-89.3127
0.4083,34.6412,90.1195,-89.8764
0.4083,34.6412,90.1195,-89.8715
0.1025,34.5584,90.0890,-89.8733
0.1025,34.5594,90.0872,-89.9650
-5.4898,34.6225,89.4675,-91.6934
-5.4898,34.6225,89.4675,-91.6827
-5.2867,34.8391,89.6152,-91.7268
-5.2867,34.8407,89.6129,-91.6431
-5.5897,35.1165,89.6614,-91.7657
-5.5897,35.1165,89.6614,-91.7492
-5.5897,35.2772,89.7296,-91.7795
-5.5897,35.2776,89.7289,-91.7611
-5.7927,35.0556,89.5889,-91.7213
-5.7926,35.0571,89.5866,-91.8051
-5.5898,35.1159,89.6623,-91.8251
-5.5897,35.1165,89.6614,-91.7383
-5.3868,34.9305,89.6310,-91.7285
-5.3867,34.9313,89.6296,-91.6675
-4.2753,33.6369,89.2462,-91.2681
-4.2753,33.6369,89.2462,-91.2613
-4.2753,34.0270,89.4442,-91.2812
-4.2753,34.0270,89.4442,-91.2869
-5.3867,34.1368,89.2612,-91.6075
-5.3867,34.1368,89.2612,-91.6187
-5.3867,33.9018,89.1453,-91.5772
-5.3867,33.9029,89.1437,-91.6026
-5.8925,34.1953,89.1636,-91.7632
-5.8925,34.1953,89.1636,-91.7676
-5.6898,34.4055,89.3204,-91.8122
-5.6897,34.4072,89.3181,-91.7285
-5.5898,34.3150,89.2992,-91.7121
-5.5897,34.3152,89.2989,-91.6858
-5.1866,34.5084,89.4853,-91.5909
-5.1866,34.5084,89.4853,-91.5856
-4.9833,34.4082,89.4848,-91.5755
-4.9833,34.4087,89.4839,-91.5096
-5.0834,34.2593,89.3921,-91.4956
-5.0834,34.2600,89.3912,-91.5454
-4.8832,34.2392,89.4259,-91.5384
-4.8831,34.2396,89.4252,-91.4679
-4.9833,34.4862,89.5224,-91.5152
-4.9833,34.4873,89.5206,-91.5264
-5.7926,34.3388,89.2594,-91.7423
-5.7926,34.3388,89.2594,-91.7515
-5.9924,34.5987,89.3336,-91.7906
-5.9924,34.6001,89.3313,-91.8365
-6.1950,34.6249,89.2897,-91.8263
-6.1950,34.6253,89.2890,-91.9019
-6.2947,34.4807,89.1948,-91.8574
-6.2947,34.4813,89.1939,-91.9153
-6.0953,34.5337,89.2742,-91.9228
-6.0952,34.5343,89.2733,-91.8419
-5.8926,34.3499,89.2408,-91.8281
-5.8925,34.3507,89.2394,-91.7717
-5.9924,34.1266,89.1054,-91.7370
-5.9924,34.1278,89.1037,-91.7985
-5.8925,34.1951,89.1639,-91.8042
-5.8925,34.1953,89.1636,-91.7607
-5.1866,33.7256,89.0993,-91.5332
-5.1866,33.7256,89.0993,-91.5279
-5.1866,33.7256,89.0993,-91.5288
-5.1866,33.7256,89.0993,-91.5287
-5.2867,34.0461,89.2398,-91.5818
-5.2867,34.0461,89.2398,-91.5813
-4.9834,34.0929,89.3343,-91.5970
-4.9833,34.0940,89.3326,-91.5000
-4.7798,33.6839,89.1685,-91.4055
-4.7798,33.6839,89.1685,-91.4106
-4.6796,33.8292,89.2660,-91.4340
-4.6796,33.8298,89.2651,-91.3841
-4.8831,34.0032,89.3112,-91.4137
-4.8831,34.0040,89.3098,-91.4698
-4.6797,34.1408,89.4221,-91.4859
-4.6796,34.1418,89.4206,-91.3994
-4.1719,33.9382,89.4195,-91.2544
-4.1719,33.9382,89.4195,-91.2498
-4.4761,33.8092,89.2991,-91.2288
-4.4760,33.8107,89.2968,-91.3283
-0.4083,34.1587,89.9024,-90.1187
-0.4083,34.1587,89.9024,-90.1262
-0.6132,34.0815,89.8628,-90.1239
-0.6132,34.0821,89.8619,-90.1979
-0.8150,33.6127,89.6252,-90.2541
-0.8150,33.6127,89.6252,-90.2415
-1.8359,32.6462,89.0330,-90.5145
-1.8359,32.6462,89.0330,-90.5219
-2.8526,32.3998,88.7729,-90.7901
-2.8526,32.3998,88.7729,-90.7967
-3.7671,32.9091,88.9379,-91.0698
-3.7671,32.9091,88.9379,-91.0759
-5.2867,33.2781,88.8327,-91.5124
-5.2867,33.2781,88.8327,-91.5240
-6.7988,34.4687,89.0420,-92.0382
-6.7988,34.4687,89.0420,-92.0510
-7.5004,34.7301,88.9446,-92.2666
-7.5004,34.7301,88.9446,-92.2739
-8.0018,35.1264,88.9559,-92.4524
-8.0018,35.1264,88.9559,-92.4570
-8.3015,35.9032,89.1794,-92.6280
-8.3015,35.9032,89.1794,-92.6282
-9.5937,37.1327,89.1429,-93.1356
-9.5937,37.1327,89.1429,-93.1522
-10.1873,38.1041,89.2042,-93.4647
-10.1873,38.1041,89.2041,-93.4432
-9.9918,38.2353,89.3237,-93.5047
-9.9917,38.2362,89.3223,-93.4104
-10.2883,38.4692,89.2669,-93.4433
-10.2880,38.4704,89.2646,-93.5433
-10.2880,38.4704,89.2646,-93.5197
-10.2880,38.4704,89.2646,-93.5253
-10.0897,38.1687,89.2659,-93.4550
-10.0895,38.1699,89.2636,-93.4195
-10.2881,38.2097,89.1931,-93.4209
-10.2880,38.2101,89.1923,-93.5070
-9.8908,37.4443,89.1251,-93.2700
-9.8908,37.4443,89.1251,-93.2766
-8.2027,35.7251,89.1424,-92.5922
-8.2027,35.7251,89.1424,-92.5775
-8.0018,35.0476,88.9202,-92.4517
-8.0018,35.0476,88.9202,-92.4468
-6.8983,34.4827,89.0185,-92.0871
-6.8983,34.4827,89.0185,-92.0770
-6.0952,33.9078,88.9638,-91.8046
-6.0952,33.9078,88.9638,-91.7988
-5.5897,33.3874,88.8183,-91.6173
-5.5897,33.3874,88.8183,-91.6145
-4.0715,33.0083,88.9403,-91.1754
-4.0715,33.0083,88.9403,-91.1645
-3.2583,32.4987,88.7760,-90.9162
-3.2583,32.4987,88.7760,-90.9117
-2.8526,32.3998,88.7729,-90.7981
-2.8526,32.3998,88.7729,-90.7956
-1.7320,32.6424,89.0393,-90.4985
-1.7320,32.6424,89.0393,-90.4905
-0.8150,33.5333,89.5845,-90.2501
-0.8150,33.5333,89.5845,-90.2411
-3.5630,33.1952,89.1343,-91.0360
-3.5630,33.1952,89.1343,-91.0326
-3.5630,33.3482,89.2190,-91.0507
-3.5630,33.3487,89.2183,-91.0396
-3.8677,33.4469,89.2225,-91.0489
-3.8676,33.4479,89.2208,-91.1317
-4.3757,33.4152,89.1087,-91.2732
-4.3757,33.4152,89.1087,-91.2775
-3.9711,33.4563,89.2070,-91.1671
-3.9711,33.4563,89.2070,-91.1635
2.5475,33.0559,89.1976,-89.2571
2.5475,33.0559,89.1976,-89.2642
2.7489,33.2943,89.3077,-89.2448
2.7489,33.2958,89.3054,-89.1884
3.1576,33.2449,89.2233,-89.0834
3.1576,33.2449,89.2233,-89.0799
2.6482,33.2902,89.3146,-89.2216
2.6482,33.2902,89.3146,-89.2259
-2.6482,32.8346,89.0596,-90.7615
-2.6482,32.8346,89.0596,-90.7561
-3.3619,33.1056,89.1160,-90.9667
-3.3619,33.1056,89.1160,-90.9720
-2.8526,32.7720,88.9973,-90.8147
-2.8526,32.7720,88.9973,-90.8115
