6.0417,8.8569,16.2266,-86.8823
6.0417,9.2904,16.0967,-86.7693
6.1585,9.4535,16.0297,-86.8451
6.1585,10.4796,15.7042,-86.7510
6.1585,9.4536,16.0293,-86.7214
6.0417,9.2909,16.0954,-86.8008
2.6257,3.8872,17.8546,-88.7670
1.7723,3.8574,17.9041,-89.1118
1.6542,4.0007,17.8773,-89.1485
0.4273,3.9808,17.9106,-89.7539
0.3091,3.8331,17.9447,-89.8129
-1.7723,3.8574,17.9041,-90.8924
0.3091,3.8333,17.9443,-89.8175
0.4273,3.9806,17.9110,-89.8654
1.6542,4.0010,17.8769,-89.2326
1.7723,3.8572,17.9045,-89.1818
4.2200,3.9740,17.7101,-87.9169
4.0934,4.1118,17.6921,-87.9607
4.2200,4.2563,17.6475,-88.0258
3.9758,4.2407,17.6737,-88.0218
3.3601,4.6358,17.6347,-88.3943
3.3601,4.9202,17.5686,-88.3075
2.9975,5.4637,17.4622,-88.5374
2.7527,5.4524,17.4816,-88.4908
2.6257,5.7346,17.4182,-88.6861
2.5077,5.7298,17.4264,-88.6862
2.2627,6.0087,17.3684,-88.8314
1.8996,5.9962,17.3900,-88.8791
1.7723,6.1432,17.3559,-89.0934
1.4090,6.1334,17.3728,-89.1137
1.2817,6.2708,17.3394,-89.3349
0.6728,6.2618,17.3550,-89.6305
0.5546,6.1215,17.3935,-89.6786
0.1818,6.1196,17.3967,-89.9369
-0.3091,5.8317,17.4699,-90.1989
-0.6728,5.3979,17.5746,-90.3680
-0.8000,5.3993,17.5724,-90.3175
-1.2908,4.6976,17.7297,-90.6652
-1.1636,4.6951,17.7340,-90.6201
-1.1636,4.8430,17.6990,-90.5520
-0.6728,5.3979,17.5746,-90.2933
-0.5546,5.3967,17.5767,-90.3579
0.1818,6.1196,17.3967,-89.9405
0.5546,6.1206,17.3950,-89.8904
0.6728,6.2618,17.3550,-89.6803
1.2817,6.2708,17.3394,-89.3818
1.7723,5.9936,17.3944,-89.0687
2.1446,6.0047,17.3752,-88.8860
2.3898,5.8740,17.3970,-88.9484
2.6257,5.5963,17.4529,-88.6641
2.6257,5.4475,17.4900,-88.7116
2.8706,5.4575,17.4728,-88.6827
3.3601,4.7728,17.6027,-88.3170
3.2423,4.4820,17.6801,-88.3835
2.9976,4.3332,17.7316,-88.4367
1.7723,4.2877,17.8077,-89.0952
1.6542,4.4211,17.7821,-89.1481
0.1818,4.4001,17.8174,-89.9369
0.0636,4.2629,17.8494,-89.8980
-1.1636,4.2737,17.8313,-90.5294
-1.2908,4.4127,17.7962,-90.5926
-1.4089,4.2784,17.8233,-90.6492
-2.0175,4.1479,17.8288,-91.0210
-1.6543,4.1364,17.8481,-90.9649
-1.5270,4.2813,17.8184,-90.7544
0.0636,4.2630,17.8491,-89.9410
0.1818,4.3999,17.8177,-89.9830
1.6542,4.4213,17.7817,-89.1641
1.7723,4.2875,17.8081,-89.2077
2.9975,4.3337,17.7306,-88.5751
3.1154,4.4759,17.6901,-88.5067
3.3601,4.4880,17.6696,-88.4588
3.4869,4.3587,17.6887,-88.2896
3.8492,4.3787,17.6552,-88.3024
4.0934,4.1120,17.6916,-87.9909
3.9758,3.9578,17.7371,-88.0347
3.3601,3.9221,17.7965,-88.4072
3.1154,3.6266,17.8804,-88.3728
2.7527,3.6104,17.9070,-88.6433
1.8995,3.0163,18.0777,-89.0712
1.4089,3.0032,18.0992,-89.3522
1.2817,3.1458,18.0740,-89.3093
0.0636,2.9873,18.1253,-89.9394
-0.3091,3.2690,18.0657,-90.1087
-0.5546,3.2702,18.0637,-90.1682
-0.5546,3.2707,18.0629,-90.2427
-0.3091,3.2685,18.0665,-90.2782
0.0636,2.9873,18.1253,-89.9963
0.5546,2.9897,18.1213,-89.7094
0.6728,3.1362,18.0897,-89.7454
1.8995,3.0163,18.0777,-89.1230
2.7527,3.6104,17.9070,-88.6953
3.1155,3.6263,17.8806,-88.6606
3.3601,3.9221,17.7965,-88.3582
-6.2843,2.4837,17.7642,-92.9704
-6.1585,2.6038,17.7600,-92.9593
-6.0417,3.2825,17.6409,-92.8373
-5.5557,4.3602,17.4737,-92.7256
-5.3126,4.6210,17.4460,-92.7256
-5.3124,4.7690,17.4103,-92.6322
-5.0691,5.0322,17.3786,-92.6225
-4.5815,5.9917,17.1943,-92.2528
-4.5815,6.5673,17.0450,-92.2824
-4.4641,6.6980,17.0225,-92.3493
-4.4641,7.7077,16.7449,-92.2905
-4.3375,7.8503,16.7171,-92.3173
-4.3375,8.4347,16.5473,-92.2656
-5.1862,10.5440,15.8034,-92.8226
-5.0690,10.6891,15.7692,-92.7685
-4.4641,10.6488,15.8446,-92.3599
-4.3375,10.4868,15.9101,-92.4117
-4.3375,9.3155,16.2817,-92.2372
-4.2200,9.1555,16.3422,-92.3060
-4.2200,9.1556,16.3418,-92.1673
-4.3375,9.3153,16.2821,-92.2676
-4.3375,10.4870,15.9097,-92.2715
-4.2200,10.6337,15.8729,-92.3778
-3.2423,10.5827,15.9681,-91.7845
-3.1245,10.7205,15.9311,-91.7279
-2.8797,10.7100,15.9507,-91.6562
-2.7527,10.5622,16.0065,-91.4857
-2.6347,10.7009,15.9680,-91.4873
-2.3897,10.5491,16.0310,-91.2312
-1.7723,10.5312,16.0645,-90.9055
-1.6542,10.6716,16.0229,-90.9924
-1.4089,10.5231,16.0796,-90.7173
-0.8000,10.5137,16.0972,-90.3839
-0.6728,10.6556,16.0528,-90.4647
-0.4273,10.6540,16.0559,-90.1875
-0.3091,10.5098,16.1047,-90.2583
5.9158,10.7549,15.6461,-86.8809
-0.3091,10.5099,16.1043,-90.1085
-0.4273,10.6538,16.0563,-90.2061
-0.6728,10.6554,16.0532,-90.2470
-0.8000,10.5137,16.0972,-90.4256
-1.4089,10.5231,16.0796,-90.8015
-1.5270,10.6688,16.0282,-90.7344
-1.7723,10.5312,16.0645,-91.0044
-2.3897,10.5491,16.0310,-91.3347
-2.5077,10.6963,15.9765,-91.2611
-2.7527,10.5622,16.0065,-91.5320
-2.8796,10.7103,15.9503,-91.4556
-3.1244,10.7207,15.9307,-91.7297
-3.2423,10.5826,15.9685,-91.6441
-5.1862,10.6978,15.7530,-92.8427
-5.1862,10.4011,15.8506,-92.7141
-4.3375,8.2830,16.5918,-92.2991
-4.3375,7.8505,16.7166,-92.2700
-4.4641,7.7075,16.7453,-92.2039
-4.4641,6.6982,17.0222,-92.2648
-4.5815,6.5671,17.0454,-92.2457
-4.5815,5.9917,17.1943,-92.2923
-5.5557,4.5067,17.4405,-92.6674
-5.9158,3.6950,17.5720,-92.8673
-5.9158,3.4147,17.6318,-92.7907
-6.0417,3.2822,17.6413,-92.8239
-6.0417,3.0034,17.6983,-92.8684
10.1127,2.8651,16.9426,-85.2652
9.6450,3.8896,16.8491,-85.3963
9.6450,3.6124,16.9071,-85.4878
9.8835,3.3756,16.8986,-85.3836
2.9975,0.8540,18.4150,-88.6046
2.8706,0.9794,18.4035,-88.6251
2.3897,0.8265,18.4584,-88.8668
2.2627,0.9532,18.4448,-88.9126
2.3897,1.1005,18.4131,-88.9728
1.8995,1.0832,18.4405,-89.1465
2.1447,1.0910,18.4281,-89.1139
2.2627,0.9535,18.4444,-88.9536
2.1446,0.8170,18.4735,-88.9682
1.7723,0.8050,18.4925,-89.1579
1.7723,0.8050,18.4925,-89.1993
2.6257,0.8365,18.4428,-88.7629
2.7527,0.9738,18.4123,-88.8023
0.5546,0.7812,18.5300,-89.7621
0.5546,1.0552,18.4849,-89.7348
0.0636,1.0531,18.4881,-89.9901
0.0636,0.9106,18.5123,-89.9622
0.1818,1.0531,18.4882,-89.9743
0.4273,1.0541,18.4866,-89.8903
0.5546,0.9133,18.5081,-89.7357
0.3091,0.6366,18.5575,-89.7522
0.4273,0.6382,18.5547,-89.8234
-8.0919,0.3928,17.8052,-93.6036
-7.6101,1.2676,17.7609,-93.4454
-7.7262,1.9592,17.6208,-93.5599
-7.9672,2.2642,17.5218,-93.6216
-7.9671,2.6825,17.4421,-93.6916
-8.3324,3.5515,17.1988,-93.9921
-8.0921,3.7963,17.1956,-93.9965
-8.0919,3.7974,17.1940,-93.8964
-8.0919,3.7974,17.1940,-93.8478
-8.3325,3.5505,17.2004,-93.8175
-8.2077,3.4009,17.2541,-93.9168
-8.3324,3.2739,17.2558,-93.8481
-7.9671,2.5397,17.4692,-93.7516
-7.9671,2.1321,17.5460,-93.6340
-7.6101,1.5396,17.7152,-93.5199
-7.6101,1.2672,17.7617,-93.4342
-8.0919,0.6615,17.7651,-93.6653
9.9981,-0.2401,17.4645,-85.6476
9.9981,-0.1034,17.4470,-85.5784
10.2362,0.0661,17.3650,-85.5973
10.3504,0.3523,17.2957,-85.4309
10.4736,0.1096,17.2975,-85.4803
10.4736,0.3749,17.2605,-85.3974
10.3505,0.4896,17.2768,-85.3174
10.3504,1.2909,17.1565,-85.3659
10.2361,1.3995,17.1685,-85.2855
10.1127,2.1887,17.0661,-85.3268
9.7599,2.9481,17.0112,-85.4732
9.4063,3.2989,17.0239,-85.6005
9.4063,3.8521,16.9109,-85.5708
9.2824,3.8329,16.9426,-85.5059
9.4063,3.7084,16.9408,-85.5696
9.4063,3.2981,17.0256,-85.6119
10.1127,2.1887,17.0661,-85.3752
10.2360,1.3998,17.1682,-85.4027
10.3505,1.2906,17.1568,-85.3912
10.3504,0.3523,17.2957,-85.4381
9.9981,-0.1033,17.4468,-85.5889
2.6257,-1.1863,18.7352,-88.8737
3.1154,-0.7656,18.6470,-88.6480
3.4869,0.4764,18.4379,-88.4331
3.3601,0.6000,18.4291,-88.3947
3.2423,1.2731,18.3264,-88.5258
2.7527,1.6671,18.2916,-88.7419
2.6257,1.6613,18.3008,-88.7060
2.8706,1.3968,18.3317,-88.7011
2.9975,1.4029,18.3221,-88.6555
3.2423,1.1408,18.3490,-88.5259
3.3601,0.6003,18.4287,-88.4376
3.4869,0.4762,18.4383,-88.4905
3.1154,-0.6264,18.6284,-88.5879
9.8835,-1.0377,17.5885,-85.7133
9.8835,-0.6511,17.5456,-85.6633
9.6452,-0.4299,17.5769,-85.6568
9.6450,-0.1648,17.5416,-85.7536
9.2824,0.1676,17.5824,-85.8997
9.1672,0.6830,17.5344,-85.8675
9.2824,0.0396,17.5999,-85.9197
9.6450,-0.3017,17.5593,-85.8061
9.6450,-0.5656,17.5930,-85.8163
9.8836,-0.7774,17.5603,-85.8480
-7.3688,-2.3444,18.2706,-93.1106
-7.4851,-2.1945,18.2353,-93.1527
-7.4850,-1.9346,18.2106,-93.2403
-7.1273,-1.1941,18.1953,-93.0888
-6.8856,-0.9707,18.2122,-93.1517
-6.8854,-0.7043,18.1777,-93.0427
-6.7689,-0.5806,18.1817,-93.0487
-6.7689,-0.0458,18.1089,-93.0107
-6.6434,0.0685,18.1135,-93.0464
-6.6434,0.6079,18.0328,-92.9974
-6.6434,0.0688,18.1131,-92.9920
-6.7689,-0.0461,18.1093,-92.9445
-6.8854,-0.8321,18.1937,-93.0077
-7.1274,-1.0681,18.1820,-92.9845
-7.4850,-1.8085,18.1971,-93.1846
-7.4850,-2.1953,18.2366,-93.1548
-7.2436,-3.0012,18.3488,-93.0169
-7.2436,-2.8776,18.3394,-93.0547
-7.3689,-2.9848,18.3245,-93.0099
-7.4850,-2.7116,18.2804,-93.1472
-7.9671,-2.1269,18.1342,-93.3652
-8.2077,-1.5713,18.0296,-93.5435
-8.2077,-1.0470,17.9715,-93.5467
-8.3324,-0.9022,17.9290,-93.5971
-8.3324,-0.6385,17.8972,-93.6936
-8.0919,-0.2799,17.8993,-93.5981
-8.0919,-0.0140,17.8639,-93.6147
-8.4481,0.4439,17.7255,-93.7590
-8.5726,0.7301,17.6577,-93.8401
-8.5726,1.2600,17.5734,-93.8671
-8.6881,1.4173,17.5238,-93.9355
-8.6881,1.8188,17.4571,-94.0488
-8.5726,1.9438,17.4581,-93.9940
-8.5726,2.3490,17.3850,-93.9667
-8.4481,2.4731,17.3878,-94.0144
-8.4481,3.0240,17.2821,-93.9605
-8.4481,2.4734,17.3874,-93.9591
-8.5726,2.3487,17.3854,-93.8909
-8.6881,1.4175,17.5234,-93.9358
-8.5726,1.2598,17.5738,-93.9458
-8.5726,0.7306,17.6567,-93.8927
-8.4481,0.5728,17.7068,-93.8176
-8.4481,0.3046,17.7465,-93.7294
-8.0919,-0.1419,17.8807,-93.6083
-8.3324,-0.6380,17.8964,-93.6222
-8.3324,-0.9024,17.9294,-93.6120
-8.2078,-1.0472,17.9719,-93.6159
-8.2077,-1.7066,18.0437,-93.5040
-7.9671,-2.2613,18.1466,-93.3577
-7.4850,-2.8450,18.2912,-93.1587
-7.4850,-2.9688,18.3009,-93.1096
-2.8796,-3.6607,18.9594,-91.2293
-3.2424,-3.6418,18.9316,-91.1916
-3.4869,-3.8824,18.9252,-91.4658
-3.9758,-3.8491,18.8766,-91.6236
-4.0934,-3.9639,18.8720,-91.6453
-3.8491,-3.8589,18.8908,-91.7209
-3.3601,-3.8904,18.9368,-91.4127
-3.3601,-3.7575,18.9283,-91.3975
-3.2423,-3.6408,18.9303,-91.4080
9.7599,-3.6202,17.8327,-86.0067
10.1127,-2.9196,17.6984,-85.7992
10.1127,-2.6757,17.6819,-85.7770
10.3504,-2.2430,17.5842,-85.6453
10.3504,-1.9873,17.5631,-85.6138
10.8248,-0.8616,17.3208,-85.3127
10.8248,-0.4762,17.2780,-85.2592
10.9476,-0.3253,17.2245,-85.2949
10.9476,0.0737,17.1736,-85.2335
11.0615,0.2227,17.1227,-85.1582
11.0614,1.0179,17.0097,-85.0360
11.1840,1.1799,16.9516,-85.0394
11.1840,2.2439,16.7775,-84.8501
11.0615,2.3604,16.7909,-84.8658
11.0614,2.9038,16.6918,-84.9016
10.8248,3.4066,16.6581,-84.9563
10.7108,4.2022,16.5248,-84.9342
10.1127,5.4945,16.3820,-85.0310
8.4481,7.2399,16.2963,-85.6931
8.3235,7.2237,16.3246,-85.7524
7.8512,7.7308,16.2717,-85.9607
7.8512,7.8805,16.2300,-85.9894
7.6101,7.2753,16.4393,-86.1805
8.0919,6.7591,16.4914,-85.9671
8.2078,6.7736,16.4662,-85.9247
9.0431,5.8952,16.5239,-85.5850
9.0431,5.7484,16.5601,-85.5467
9.2825,5.5105,16.5676,-85.6151
9.5213,4.8400,16.6699,-85.4315
9.7600,4.5969,16.6716,-85.4463
10.1127,3.8225,16.7530,-85.1874
10.1127,3.5461,16.8102,-85.2867
10.3504,3.0480,16.8490,-85.2117
10.3504,3.0480,16.8490,-85.1570
10.2361,3.1599,16.8561,-85.1491
10.1127,3.8225,16.7530,-85.1827
9.8835,4.2053,16.7269,-85.2447
9.7599,4.7426,16.6378,-85.2654
9.4063,5.1027,16.6353,-85.4618
9.2824,5.6473,16.5335,-85.4039
9.0433,5.8942,16.5255,-85.4063
9.0431,6.0317,16.4902,-85.5008
7.6101,7.4247,16.3985,-86.0979
7.8513,7.5914,16.3113,-86.1354
8.2077,7.2091,16.3501,-85.8233
8.3235,7.2237,16.3246,-85.8717
10.1127,5.3594,16.4139,-85.0389
10.4736,4.4378,16.5341,-84.9536
10.7109,4.2011,16.5264,-85.0903
10.8248,3.4066,16.6581,-84.8924
11.0614,2.9038,16.6918,-84.8547
11.0614,2.3607,16.7905,-84.9481
11.1840,2.2436,16.7779,-84.9589
11.1840,1.1801,16.9512,-85.0164
11.0615,1.0178,17.0101,-85.0128
11.0614,0.2229,17.1223,-85.1622
10.9476,0.0735,17.1740,-85.1568
10.8248,-0.8616,17.3208,-85.3575
10.7108,-1.0188,17.3699,-85.3667
10.5878,-1.5601,17.4587,-85.4929
10.3506,-1.8639,17.5527,-85.5677
10.1127,-2.9196,17.6984,-85.8027
9.4063,-3.8047,17.9315,-86.1591
9.5213,-3.0276,17.8574,-86.0798
10.3504,-1.0874,17.4738,-85.5748
10.2361,-0.8488,17.4782,-85.4835
10.4736,-0.6683,17.3940,-85.4853
10.5878,-0.1319,17.2979,-85.3793
10.7108,0.0277,17.2447,-85.3332
10.7108,0.6847,17.1539,-85.2187
10.8249,0.8440,17.1004,-85.2166
10.7108,1.0886,17.0948,-85.0893
10.8248,1.3783,17.0185,-85.0966
10.8248,2.5876,16.8131,-84.9737
10.7108,2.8383,16.7977,-84.9567
10.7108,2.5667,16.8469,-85.0254
10.8249,2.4465,16.8389,-85.1143
10.8248,1.6367,16.9770,-85.0655
10.7108,1.4859,17.0321,-85.1419
10.8249,1.3780,17.0189,-85.2053
10.7108,1.2180,17.0740,-85.2173
10.8248,0.8442,17.1000,-85.1930
10.7108,0.6845,17.1543,-85.1978
10.7108,0.0279,17.2443,-85.3204
10.5879,-0.1321,17.2983,-85.3233
10.5878,-0.3951,17.3316,-85.4484
10.3504,-0.6914,17.4292,-85.5030
10.2361,-0.5868,17.4470,-85.4909
10.2360,-1.3684,17.5335,-85.6478
9.8835,-2.2067,17.7034,-85.8673
9.6450,-1.8585,17.7321,-85.8874
9.6450,-1.4761,17.6962,-85.8347
9.2824,-1.1413,17.7459,-85.9648
8.9278,-0.4198,17.7408,-86.0983
8.9278,0.1109,17.6702,-86.0686
8.6881,0.6087,17.6506,-86.0682
8.6881,1.1470,17.5674,-86.0822
8.6881,0.6087,17.6506,-86.0793
8.8036,0.4969,17.6427,-86.1395
8.8035,0.0916,17.7002,-86.0871
8.9278,-0.0175,17.6882,-86.1239
8.9278,-0.5470,17.7569,-86.0789
9.2824,-1.2767,17.7607,-85.9914
9.6450,-1.5999,17.7071,-85.9184
9.6450,-1.9934,17.7463,-85.9624
9.8836,-2.2079,17.7050,-85.9700
9.8835,-2.3301,17.7138,-85.8693
9.6452,-2.6294,17.7994,-85.9080
9.5213,-2.5278,17.8211,-85.9765
9.5213,-2.5275,17.8207,-86.0358
9.4063,-2.6708,17.8603,-86.0390
9.5213,-2.6506,17.8304,-86.0947
9.6450,-2.8833,17.8165,-85.9812
9.4063,-3.3011,17.9035,-86.1501
-1.8995,-4.7255,19.0811,-90.7902
-2.0175,-4.5900,19.0691,-90.7749
-2.0175,-4.3357,19.0562,-90.8536
-2.3898,-4.3214,19.0355,-90.8218
-2.3897,-4.5746,19.0469,-90.9619
-2.5077,-4.7011,19.0459,-90.9747
-2.2627,-4.5808,19.0558,-91.0457
-8.8124,-4.1568,18.0907,-93.5713
-8.8124,-3.7864,18.0747,-93.6331
-8.6881,-3.6752,18.0959,-93.6069
-8.5726,-3.0640,18.0829,-93.5712
-8.6881,-3.5533,18.0885,-93.5498
-8.8125,-3.6549,18.0663,-93.5413
4.4550,-4.6970,18.8703,-88.1736
4.3375,-4.5853,18.8790,-88.1842
4.4550,-4.4445,18.8590,-88.2375
4.6990,-4.5555,18.8360,-88.1762
4.8253,-4.5436,18.8189,-88.0286
4.6990,-4.4239,18.8292,-88.0231
4.6989,-4.4236,18.8287,-88.1006
4.4551,-4.4448,18.8594,-88.0737
4.3375,-4.3316,18.8662,-88.2300
4.8253,-4.0361,18.7924,-88.0337
4.3375,-4.3316,18.8662,-88.2018
4.4550,-4.4445,18.8589,-88.2432
4.3375,-4.5853,18.8790,-88.1728
7.0019,-4.3043,18.4732,-87.1698
7.0019,-4.0526,18.4616,-87.1104
6.5178,-3.9815,18.5419,-87.3036
6.1585,-3.5140,18.5718,-87.4205
5.1862,-3.3677,18.7024,-87.8513
6.0417,-3.5271,18.5910,-87.4759
6.4011,-3.8732,18.5552,-87.3889
6.2843,-4.1411,18.5901,-87.3964
6.0418,-4.1687,18.6301,-87.4396
5.5557,-4.4733,18.7174,-87.7237
5.3124,-3.9907,18.7263,-87.7970
5.0691,-3.7599,18.7461,-87.7850
4.8253,-3.6480,18.7680,-88.0192
4.4552,-3.6806,18.8158,-87.9839
3.9758,-4.1048,18.8923,-88.3477
3.9758,-4.2276,18.8994,-88.3772
4.4550,-3.6793,18.8139,-88.1681
4.8255,-3.6492,18.7699,-88.1422
5.4296,-4.2332,18.7235,-87.8049
5.4296,-4.4867,18.7368,-87.8007
6.0417,-4.2900,18.6355,-87.5627
6.4011,-3.9954,18.5622,-87.3884
6.8854,-4.0671,18.4826,-87.2099
7.0019,-4.1739,18.4674,-87.1988
6.8855,-4.3196,18.4954,-87.1501
6.5178,-4.3653,18.5614,-87.3365
5.7988,-4.8202,18.6959,-87.6359
4.3375,-4.9584,18.8941,-88.2693
3.9758,-4.7345,18.9242,-88.3674
3.7315,-4.7525,18.9501,-88.3907
2.9975,-4.0347,18.9752,-88.7724
3.2423,-3.7654,18.9400,-88.7384
3.7314,-3.7333,18.8930,-88.4688
3.8491,-3.6017,18.8729,-88.4303
3.8491,-3.6015,18.8726,-88.3820
3.7314,-3.7336,18.8933,-88.4095
3.1154,-3.7717,18.9491,-88.6745
2.9975,-3.9116,18.9679,-88.7231
3.1154,-4.2835,18.9805,-88.6936
3.6046,-4.7606,18.9617,-88.5605
3.8491,-4.7443,18.9382,-88.5284
4.3375,-4.9584,18.8941,-88.2686
5.7988,-4.8202,18.6959,-87.6426
5.9158,-4.6868,18.6732,-87.6537
6.1586,-4.6598,18.6343,-87.5960
6.6434,-4.3499,18.5392,-87.3173
-8.2077,-4.5035,18.2406,-93.3177
-8.4482,-4.3462,18.1826,-93.3127
-8.4481,-3.5915,18.1445,-93.4799
-8.4481,-4.3456,18.1817,-93.3944
-0.6728,-3.8558,19.0721,-90.2645
-1.1636,-3.8477,19.0601,-90.4608
-1.2908,-4.1022,19.0735,-90.4858
-1.1636,-4.3607,19.0925,-90.5432
-1.4089,-4.6089,19.0964,-90.5624
-1.5270,-4.4835,19.0860,-90.5848
-1.5270,-4.2287,19.0724,-90.6492
-1.7723,-3.9657,19.0468,-90.6326
-2.0175,-3.8230,19.0241,-90.8619
-2.6347,-3.9300,18.9946,-91.1041
-2.8796,-4.2965,18.9993,-91.1709
-2.8796,-4.8041,19.0243,-91.1751
-2.8796,-4.8041,19.0243,-91.1685
-2.8796,-4.4297,19.0082,-91.1958
-2.5077,-3.9360,19.0033,-91.0606
-2.0175,-3.8230,19.0241,-90.8640
-1.5270,-4.3511,19.0785,-90.6485
-1.5270,-4.8592,19.1035,-90.6264
-1.8995,-5.0998,19.0967,-90.7511
-2.2627,-5.0870,19.0783,-90.7724
-2.3897,-5.2107,19.0733,-90.9654
-3.1244,-5.1730,19.0194,-91.2675
-3.2423,-5.0359,19.0052,-91.2639
-3.6046,-5.0126,18.9718,-91.4415
-4.2200,-4.5943,18.8921,-91.6934
-4.0934,-4.3513,18.8947,-91.7520
-3.7314,-4.3767,18.9314,-91.5429
-3.1244,-4.7905,19.0047,-91.2933
-3.6046,-4.3852,18.9438,-91.4561
-3.9759,-4.3606,18.9081,-91.4834
-4.0934,-4.2187,18.8866,-91.6798
-4.2200,-4.3412,18.8800,-91.6701
-4.3375,-4.3317,18.8664,-91.7480
-4.2200,-4.4633,18.8862,-91.7745
-4.4641,-4.5754,18.8648,-91.6931
-3.9758,-4.8653,18.9296,-91.6332
-3.2423,-5.0357,19.0048,-91.2998
-3.1245,-5.1732,19.0198,-91.3026
-2.3897,-5.2107,19.0733,-90.9531
-2.2627,-5.0861,19.0770,-90.9727
-1.8995,-5.0998,19.0967,-90.7807
-1.7723,-4.9830,19.0986,-90.7686
-1.1636,-4.8682,19.1165,-90.4980
-0.8000,-4.4988,19.1081,-90.3445
-0.6728,-4.2460,19.0975,-90.3275
10.7108,-4.1827,17.5976,-85.7099
10.9477,-4.0061,17.5233,-85.7041
10.9476,-3.8863,17.5177,-85.6221
10.8249,-4.0313,17.5596,-85.6289
10.5880,-3.9608,17.6255,-85.6442
10.7108,-3.6865,17.5777,-85.6568
10.5879,-3.4623,17.6024,-85.6143
10.5878,-2.7060,17.5548,-85.6494
10.5878,-2.7060,17.5548,-85.6100
10.5878,-3.4616,17.6014,-85.7103
10.7108,-3.5575,17.5719,-85.7251
10.4736,-3.8541,17.6523,-85.8086
10.9476,-4.8603,17.5448,-85.7004
11.1842,-4.5665,17.4696,-85.6573
11.1840,-4.3302,17.4629,-85.5110
11.2977,-4.1779,17.4235,-85.5556
11.2977,-3.3147,17.3869,-85.3970
11.1840,-3.2095,17.4156,-85.3836
11.1840,-2.4629,17.3669,-85.3541
10.8248,-1.8944,17.4241,-85.4593
10.8248,-1.8944,17.4241,-85.4415
11.1840,-2.5848,17.3757,-85.3667
11.1840,-3.2092,17.4152,-85.4579
11.2977,-3.3150,17.3873,-85.4786
11.2977,-4.1776,17.4231,-85.5215
10.9476,-4.7428,17.5429,-85.7215
-7.9671,-5.0371,18.3087,-93.1839
-7.7262,-4.5757,18.3446,-93.1231
-7.7262,-4.0742,18.3229,-93.1290
-7.9671,-3.6649,18.2515,-93.2901
-7.9671,-3.4117,18.2368,-93.3111
-8.2077,-2.9975,18.1572,-93.4425
-8.2077,-2.7419,18.1385,-93.4578
-8.6881,-1.6335,17.9335,-93.7058
-8.6881,-0.9748,17.8614,-93.7404
-9.0431,-0.5286,17.7287,-93.9411
-8.9278,-0.4201,17.7412,-93.9924
-8.6881,-0.5844,17.8143,-93.7792
-8.8125,-0.4381,17.7691,-93.8372
-8.8124,0.2312,17.6787,-93.9377
-8.9278,0.3775,17.6329,-93.9379
-8.9278,2.9503,17.1971,-94.1479
-8.8125,3.0759,17.1974,-94.2315
-8.8124,3.4857,17.1150,-94.1692
-8.6881,3.6010,17.1174,-94.2022
-8.5726,4.5663,16.9328,-94.1761
-8.2077,5.0794,16.8867,-93.9722
-8.0919,5.4831,16.8127,-94.0125
-7.6101,6.1289,16.7402,-93.8154
-7.4850,6.5483,16.6541,-93.7818
-7.0019,7.2076,16.5581,-93.5867
-6.8855,7.0564,16.6175,-93.5144
-6.8854,6.7685,16.6948,-93.4281
-7.2436,6.3723,16.7401,-93.6583
-7.6101,5.5599,16.8813,-93.7966
-7.6101,5.0041,17.0137,-93.7598
-7.8512,4.6060,17.0620,-93.8310
-7.8512,4.1896,17.1562,-93.7211
-7.4850,3.5861,17.3494,-93.6049
-7.4850,3.4416,17.3796,-93.5274
-7.2437,3.2782,17.4555,-93.5574
-7.1273,2.9872,17.5329,-93.3803
-6.4011,2.0770,17.8227,-92.9552
-6.2843,1.6568,17.9173,-92.9354
-6.4011,1.5279,17.9207,-92.8690
-6.4011,1.2550,17.9668,-92.9289
-6.6435,1.0085,17.9708,-92.8954
-7.0019,1.0511,17.9035,-93.1700
-7.1273,0.9353,17.9011,-93.1777
-7.3689,1.0955,17.8336,-93.2835
-7.2436,0.9497,17.8786,-93.3685
-7.6101,0.5962,17.8673,-93.4482
-7.7262,0.2023,17.9056,-93.3495
-7.7262,0.3426,17.8834,-93.4379
-7.2436,0.9499,17.8783,-93.2663
-7.0020,1.0505,17.9045,-93.3269
-6.5267,0.9965,17.9899,-93.0068
-6.4011,1.1235,17.9890,-92.9845
-6.4011,1.5281,17.9203,-92.9454
-6.2843,1.6574,17.9159,-92.9734
-6.4011,2.2198,17.7964,-93.0068
-7.1273,3.1209,17.5062,-93.4067
-7.1273,3.2648,17.4772,-93.3816
-7.2436,3.2785,17.4548,-93.3823
-7.4850,3.5861,17.3494,-93.6001
-7.4850,3.7203,17.3214,-93.5758
-7.8512,4.3253,17.1248,-93.7556
-7.8512,4.6056,17.0628,-93.8517
-7.6101,5.0041,17.0137,-93.7564
-7.6101,5.5599,16.8813,-93.7323
-7.3690,5.8148,16.8615,-93.8144
-7.2436,6.2346,16.7754,-93.6053
-6.8854,6.7688,16.6940,-93.4261
-6.8854,7.0562,16.6180,-93.5390
-7.1274,7.2206,16.5354,-93.4736
-7.1273,7.0824,16.5720,-93.5687
-7.4850,6.6862,16.6181,-93.7971
-7.6101,6.2769,16.7025,-93.7578
-8.0919,5.6195,16.7797,-94.0324
-8.5726,4.5663,16.9328,-94.1143
-8.5726,4.1407,17.0281,-94.0743
-8.6881,4.0233,17.0286,-94.1003
-8.6881,3.6013,17.1170,-94.1349
-8.8125,3.4854,17.1154,-94.0902
-8.8124,3.0762,17.1970,-94.1455
-8.9278,2.9501,17.1975,-94.1088
-8.9278,0.3777,17.6325,-94.0026
-8.8125,0.2311,17.6791,-93.9503
-8.8124,-0.3006,17.7510,-93.9099
-9.0433,-0.5297,17.7302,-93.8094
-9.2824,-0.4897,17.6690,-94.0800
-8.9282,-0.6849,17.7757,-94.0314
-8.6881,-0.9748,17.8614,-93.7644
-8.6881,-1.6335,17.9335,-93.7488
-8.4481,-2.0554,18.0272,-93.5707
-8.4481,-2.3145,18.0515,-93.5455
-8.0919,-3.1379,18.1916,-93.3354
-8.0919,-3.3931,18.2096,-93.3221
-7.7262,-4.0742,18.3229,-93.1552
-7.7262,-4.4566,18.3418,-93.0728
-7.9671,-4.7891,18.3019,-93.1711
-9.1672,-5.0874,18.0344,-93.6296
-9.2824,-4.8217,18.0011,-93.6586
-9.2824,-4.0767,17.9748,-93.7589
-9.4063,-3.8053,17.9326,-93.7958
-9.8835,-3.4672,17.7924,-94.0151
-10.2364,-3.4017,17.6968,-94.0334
-10.3592,-3.2557,17.6533,-94.2321
-11.0614,-2.9840,17.4382,-94.5441
-11.1840,-2.8374,17.3932,-94.5555
-11.0615,-2.7323,17.4223,-94.6449
-10.4736,-2.8503,17.5963,-94.3490
-10.3593,-3.0038,17.6382,-94.2821
-9.8835,-3.0936,17.7699,-94.0937
-9.7599,-3.2381,17.8113,-94.0358
-9.1672,-3.4735,17.9720,-93.7836
-9.1672,-3.0902,17.9496,-93.8294
-9.0432,-2.9878,17.9705,-93.8052
-9.1672,-2.7121,17.9216,-93.7823
-8.9278,-2.3715,17.9489,-93.7794
-8.9278,-1.9809,17.9157,-93.8291
-8.8125,-1.8739,17.9302,-93.8027
-9.0431,-2.3525,17.9207,-93.7806
-9.6450,-2.1162,17.7556,-94.0782
-10.2360,-1.6270,17.5593,-94.3165
-9.0431,-2.4762,17.9310,-93.7731
-9.0431,-2.6093,17.9420,-93.7744
-9.2825,-2.6927,17.8926,-93.7561
-10.4736,-1.8396,17.5160,-94.4419
-9.4063,-2.6706,17.8600,-93.9048
-9.1674,-2.7121,17.9214,-93.9325
-9.0431,-2.8648,17.9613,-93.7621
-9.1672,-3.3425,17.9642,-93.7546
-9.4064,-3.4328,17.9124,-93.7411
-9.8835,-3.0936,17.7699,-94.0533
-11.0614,-2.7320,17.4218,-94.5803
-11.1840,-2.5850,17.3761,-94.5786
-11.2977,-2.8139,17.3584,-94.5674
-11.1840,-2.9585,17.4008,-94.6366
-10.8248,-3.0326,17.5097,-94.4535
-10.3592,-3.3767,17.6602,-94.2433
-9.8835,-3.4672,17.7924,-94.0573
-9.6452,-3.7627,17.8709,-93.9734
-9.5213,-3.7843,17.9020,-93.8978
-9.2825,-4.0776,17.9764,-93.8037
-9.2824,-4.8211,18.0001,-93.6684
-6.2843,-6.0039,18.6435,-92.4638
-6.4011,-5.4978,18.6178,-92.5336
-6.5268,-5.3544,18.5939,-92.5491
-6.5267,-5.1157,18.5883,-92.6383
-6.6434,-4.9718,18.5635,-92.6125
-6.6434,-4.6012,18.5500,-92.6672
-6.8854,-4.1887,18.4888,-92.8259
-6.8854,-3.6820,18.4607,-92.8253
-6.7689,-3.5743,18.4748,-92.8649
-6.7689,-2.1610,18.3606,-92.9050
-6.6434,-2.0411,18.3704,-92.9065
-6.6434,-1.2531,18.2850,-92.8746
-6.5268,-1.1397,18.2911,-92.9212
-6.5267,-0.7464,18.2423,-92.8712
-6.4011,-0.6229,18.2468,-92.8969
-6.4011,0.1810,18.1353,-92.8559
-6.2843,0.2978,18.1364,-92.9008
-6.2843,0.2980,18.1360,-92.7983
-6.4011,0.1808,18.1357,-92.8222
-6.4011,-0.6226,18.2464,-92.8465
-6.5268,-0.7467,18.2427,-92.7981
-6.5267,-1.1394,18.2907,-92.8523
-6.6434,-1.2533,18.2854,-92.8299
-6.6434,-2.0408,18.3700,-92.8623
-6.7689,-2.1613,18.3610,-92.8168
-6.7689,-3.5740,18.4744,-92.7874
-6.8855,-3.6822,18.4611,-92.7835
-6.8854,-4.1887,18.4888,-92.8151
-6.7689,-4.3344,18.5169,-92.7827
-6.6434,-5.1007,18.5669,-92.6599
-6.5268,-5.2350,18.5911,-92.6300
-6.5267,-5.4829,18.5968,-92.5481
-0.4273,-6.3776,19.1687,-90.1855
-0.8000,-6.1263,19.1605,-90.3015
-1.0454,-6.2418,19.1567,-90.3173
-1.1636,-6.1196,19.1510,-90.4638
-1.2908,-6.3643,19.1500,-90.4504
-1.6542,-6.3534,19.1348,-90.6367
-1.7723,-6.4683,19.1302,-90.6467
-2.0176,-6.4598,19.1183,-90.7055
-2.5077,-6.6832,19.0878,-90.9581
-2.9975,-6.6575,19.0519,-91.1467
-3.4869,-6.8709,19.0078,-91.3273
-4.4641,-6.7964,18.9041,-91.7283
-4.7080,-6.6586,18.8763,-91.7281
-4.9517,-6.3916,18.8449,-91.9401
-4.9517,-6.2649,18.8450,-91.9345
-5.4296,-5.8535,18.7758,-92.1203
-5.6728,-5.3330,18.7307,-92.2766
-5.7988,-4.5690,18.6858,-92.3511
-6.1585,-3.9013,18.5962,-92.5221
-6.4011,-2.8484,18.4832,-92.7001
-6.2843,-3.1202,18.5245,-92.6566
-6.2843,-3.5008,18.5525,-92.5669
-6.0417,-4.0368,18.6223,-92.4545
-6.0417,-4.2905,18.6363,-92.4515
-5.7988,-4.6994,18.6912,-92.3205
-5.6728,-5.4526,18.7334,-92.2522
-5.4296,-5.9721,18.7771,-92.1118
-5.3125,-5.9842,18.7941,-92.1355
-4.8253,-6.6472,18.8603,-91.8745
-4.5816,-6.7869,18.8909,-91.8478
-3.4869,-6.8709,19.0078,-91.3340
-2.9975,-6.6575,19.0519,-91.1803
-2.5077,-6.6832,19.0878,-90.9888
-2.3897,-6.5712,19.0961,-90.9754
-2.1447,-6.5820,19.1113,-90.9169
-1.6542,-6.3534,19.1348,-90.6637
-1.2909,-6.3648,19.1508,-90.6435
-0.9182,-6.1244,19.1578,-90.3721
-5.5557,-7.1738,18.7492,-92.0992
-5.9158,-6.4087,18.7041,-92.3144
-6.0417,-5.9052,18.6829,-92.3735
-5.9158,-6.5347,18.7034,-92.2835
7.7262,-6.1710,18.3712,-87.0043
7.7262,-5.9285,18.3723,-86.9734
7.3691,-5.9810,18.4461,-86.9988
7.1273,-6.2567,18.4914,-87.2532
5.7988,-6.4218,18.7225,-87.7684
5.6728,-6.5621,18.7416,-87.7676
5.5557,-6.4486,18.7600,-87.8057
5.3126,-6.4742,18.7958,-87.8599
4.8253,-6.2765,18.8613,-88.1020
4.3375,-6.3191,18.9211,-88.2915
4.2200,-6.2107,18.9344,-88.3005
3.9758,-6.2300,18.9616,-88.3625
3.4869,-6.0176,19.0073,-88.6096
3.3601,-6.1449,19.0205,-88.6411
2.9975,-5.9193,19.0479,-88.8017
2.9975,-5.9193,19.0479,-88.8192
3.2423,-6.0339,19.0303,-88.8234
3.3601,-6.2724,19.0210,-88.6767
3.4869,-6.0183,19.0083,-88.6677
3.6046,-6.1288,18.9978,-88.6240
3.8491,-6.1118,18.9739,-88.5731
4.3375,-6.3191,18.9211,-88.3241
4.8253,-6.2765,18.8613,-88.1352
4.9427,-6.3927,18.8465,-88.1285
5.1863,-6.3694,18.8139,-88.0656
5.6728,-6.5618,18.7412,-87.8265
5.7988,-6.4221,18.7230,-87.7898
7.1273,-6.2567,18.4914,-87.2308
7.6101,-5.9450,18.3956,-87.0564
7.7262,-6.0544,18.3719,-87.0600
7.4850,-6.3320,18.4201,-87.1092
6.4011,-7.0757,18.6135,-87.5783
6.1586,-6.9904,18.6580,-87.5485
4.3375,-7.1746,18.9131,-88.3608
4.2200,-7.0594,18.9293,-88.3280
3.7314,-7.0965,18.9808,-88.5576
3.6047,-6.9891,18.9954,-88.5648
3.3601,-7.0057,19.0185,-88.6297
2.8706,-6.7912,19.0610,-88.8751
2.6257,-6.5608,19.0816,-88.8775
2.6257,-6.3140,19.0795,-88.9655
2.5077,-6.1923,19.0871,-88.9656
2.6257,-5.6905,19.0712,-88.9415
2.5077,-5.8254,19.0822,-88.9676
2.5077,-6.1920,19.0867,-89.0074
2.6257,-6.3143,19.0799,-89.0246
2.6257,-6.6775,19.0797,-88.9822
3.2423,-7.0126,19.0281,-88.7753
4.2200,-7.0591,18.9289,-88.3762
4.3375,-7.1749,18.9135,-88.4005
6.1585,-6.9896,18.6570,-87.6386
6.4012,-7.0764,18.6144,-87.6778
7.0019,-6.6413,18.5119,-87.3330
7.2437,-6.6085,18.4662,-87.3163
7.6101,-6.1881,18.3953,-87.0350
-5.1862,-7.5669,18.7920,-91.9583
-5.0690,-7.7024,18.8040,-91.9351
-5.0690,-7.5788,18.8083,-91.9072
-5.1863,-7.4522,18.7961,-91.9215
-5.3124,-6.9587,18.7897,-92.0327
-5.0691,-6.7423,18.8286,-92.0630
-4.7080,-7.0171,18.8707,-91.8085
-4.7080,-7.0171,18.8707,-91.7991
-4.5815,-7.1538,18.8844,-91.7882
-3.8491,-7.3292,18.9638,-91.4845
-3.7314,-7.4538,18.9731,-91.4478
-3.6047,-7.3471,18.9885,-91.4163
-3.4869,-7.4709,18.9966,-91.3487
-2.5077,-7.5274,19.0744,-90.9436
-2.3897,-7.4173,19.0854,-90.9607
-1.8995,-7.4373,19.1130,-90.7365
-1.7723,-7.3259,19.1223,-90.7246
-0.8000,-7.2241,19.1575,-90.2983
-0.3091,-6.8690,19.1693,-90.1361
-0.3091,-6.6248,19.1712,-90.1166
-0.0636,-6.4985,19.1725,-90.1224
-0.0636,-6.2514,19.1702,-90.0337
0.0636,-6.1326,19.1694,-90.0226
0.0636,-6.1323,19.1690,-89.9604
-0.0636,-6.3800,19.1721,-89.9797
-0.6728,-7.1091,19.1618,-90.2405
-1.1636,-7.2173,19.1480,-90.4310
-1.2908,-7.3401,19.1419,-90.4466
-2.3897,-7.4170,19.0851,-90.9185
-2.5077,-7.5276,19.0747,-90.9002
-3.4869,-7.4706,18.9962,-91.3301
-3.6046,-7.3470,18.9885,-91.3296
-3.7314,-7.4538,18.9731,-91.3725
-3.8491,-7.3294,18.9642,-91.4367
-4.5815,-7.1535,18.8840,-91.7256
-5.0690,-6.7410,18.8270,-91.9377
-5.3125,-6.9599,18.7913,-91.9247
-5.1862,-7.2123,18.8024,-91.9534
-5.6728,-10.0633,18.5345,-91.9856
-5.7988,-9.5966,18.5634,-92.0556
-6.0417,-9.2212,18.5572,-92.1761
-6.0417,-8.9922,18.5773,-92.1916
-6.0417,-8.9916,18.5765,-92.1721
-6.0417,-9.2219,18.5580,-92.1428
-5.7988,-9.5966,18.5634,-92.0381
-5.9158,-9.6924,18.5343,-92.0404
-6.1586,-9.5540,18.5066,-92.1133
-6.7689,-8.3238,18.4923,-92.4698
-6.8854,-7.8397,18.4968,-92.5530
-6.7689,-8.3238,18.4923,-92.4778
-6.6434,-8.4615,18.5076,-92.4584
-6.6434,-8.6937,18.4918,-92.3766
-6.4011,-9.1764,18.4971,-92.2756
-6.1586,-9.4364,18.5187,-92.2577
-6.0417,-9.9028,18.4897,-92.1202
-5.9158,-10.0351,18.4972,-92.0990
-5.7988,-9.8241,18.5410,-92.0911
-5.4296,-11.9516,18.2953,-91.7957
-5.4296,-11.6269,18.3548,-91.8262
-5.6729,-11.3822,18.3544,-91.8278
-5.6728,-11.1632,18.3872,-91.9048
-6.1585,-10.4517,18.4028,-92.1135
-6.2843,-9.8725,18.4495,-92.1999
-6.6434,-9.1446,18.4546,-92.3924
-6.8855,-8.8835,18.4314,-92.4066
-6.8854,-8.5404,18.4555,-92.4898
-7.2436,-7.9116,18.4225,-92.6965
-6.8854,-8.6604,18.4469,-92.4798
-6.8854,-8.8830,18.4306,-92.4603
-7.0019,-8.9856,18.3986,-92.4613
-6.8855,-9.0016,18.4202,-92.5239
-6.6434,-9.2631,18.4440,-92.3539
-6.5268,-9.6167,18.4338,-92.3151
-6.2844,-9.8736,18.4511,-92.2633
-6.1585,-10.5585,18.3887,-92.1189
-5.9159,-10.8105,18.3991,-92.0776
-5.6728,-11.3810,18.3528,-91.8931
-5.4297,-11.6266,18.3545,-91.8686
6.0417,-10.1275,18.4640,-87.9085
6.1585,-10.1132,18.4450,-87.8963
7.0019,-9.0955,18.3887,-87.5111
7.0019,-8.8668,18.4088,-87.4547
7.4850,-7.8764,18.3744,-87.2425
7.8512,-7.4637,18.3151,-87.0798
8.2077,-6.7032,18.2595,-86.8640
8.2077,-6.4639,18.2646,-86.8390
8.4482,-6.1845,18.2137,-86.8234
8.4481,-5.9414,18.2132,-86.7441
8.8035,-5.1499,18.1235,-86.5118
8.8035,-4.4078,18.1029,-86.4922
8.9278,-4.2673,18.0686,-86.4326
8.9278,-1.8551,17.9020,-86.2160
8.8036,-1.7408,17.9192,-86.1639
8.8035,-1.0928,17.8496,-86.2072
8.6881,-0.9751,17.8618,-86.1514
8.5637,0.0552,17.7567,-86.1723
8.4481,0.1760,17.7644,-86.1803
8.4481,0.7123,17.6854,-86.2140
8.3235,0.8236,17.6942,-86.1643
8.4481,1.1117,17.6231,-86.1410
8.3235,1.2237,17.6308,-86.1529
8.3235,1.4947,17.5864,-86.1908
8.5638,1.6700,17.5079,-86.1743
8.6881,1.5480,17.5016,-86.0164
9.0434,1.6007,17.4179,-86.0433
9.5213,1.4075,17.3401,-85.7134
9.9981,0.8218,17.3171,-85.5020
10.1128,0.4458,17.3450,-85.6267
10.1127,0.7133,17.3047,-85.5226
9.6450,1.4279,17.3078,-85.6527
9.1672,1.4907,17.4072,-85.8474
9.0432,1.6015,17.4166,-85.7856
8.6881,1.5480,17.5016,-86.0043
8.4482,1.7837,17.5126,-85.9840
8.0919,3.3854,17.2795,-86.1992
7.8512,3.7661,17.2457,-86.2715
7.8512,4.0449,17.1868,-86.1906
7.4850,4.8427,17.0731,-86.3876
6.7599,5.7485,16.9750,-86.6050
6.7599,5.8963,16.9384,-86.6480
6.2843,6.4209,16.8749,-86.8148
6.2843,6.9963,16.7226,-86.8339
6.1585,7.1231,16.7063,-86.7836
6.1585,8.4239,16.3390,-86.8442
7.0019,10.5587,15.5571,-86.3137
7.0019,10.8539,15.4612,-86.1884
6.1585,10.7756,15.6074,-86.7522
6.8854,10.8427,15.4819,-86.2633
7.0019,10.7007,15.5111,-86.3669
6.1585,8.5752,16.2946,-86.7549
6.1585,7.1234,16.7059,-86.9207
6.2843,6.9961,16.7230,-86.8631
6.2843,6.4209,16.8749,-86.8321
6.4011,6.1451,16.9299,-86.8915
7.4850,4.7070,17.1043,-86.4051
8.2077,2.9908,17.3361,-86.1654
8.2077,2.5713,17.4185,-86.2025
8.3235,2.4557,17.4160,-86.1790
8.3235,2.0400,17.4914,-86.1449
8.4481,1.9259,17.4868,-86.1860
8.4481,1.6538,17.5335,-86.1298
8.3235,1.4949,17.5860,-86.1510
8.3235,0.8239,17.6938,-86.2614
8.4481,0.7121,17.6858,-86.2626
8.4481,0.1763,17.7640,-86.2245
8.5637,0.0549,17.7571,-86.2728
8.5637,-0.4761,17.8274,-86.2271
8.6881,-0.5847,17.8147,-86.2715
8.6881,-0.9748,17.8614,-86.2206
8.8036,-1.0931,17.8500,-86.2581
8.8035,-1.7405,17.9187,-86.2220
8.9278,-1.8554,17.9024,-86.2774
8.9278,-4.2670,18.0683,-86.3954
8.8036,-4.4081,18.1033,-86.4310
8.8035,-5.1499,18.1235,-86.5387
8.6881,-5.2877,18.1533,-86.5485
8.6881,-5.5327,18.1567,-86.6454
8.4481,-6.0581,18.2129,-86.7538
8.2079,-6.3394,18.2669,-86.7801
8.2077,-6.5790,18.2619,-86.8569
7.8512,-7.3499,18.3197,-87.0772
7.4850,-7.7546,18.3805,-87.2182
7.0019,-8.7554,18.4168,-87.4922
7.0019,-8.9858,18.3990,-87.5067
-2.8796,-11.6272,18.6713,-90.9597
-2.8796,-11.4094,18.7065,-90.9820
-3.1244,-11.0676,18.7343,-91.0818
-3.1244,-10.8465,18.7656,-91.0798
-3.2423,-10.8384,18.7551,-91.0720
-3.1245,-10.9613,18.7496,-91.1142
-3.1244,-11.1745,18.7198,-91.0430
-1.0454,-13.2954,18.4584,-90.3277
-1.5270,-12.8637,18.5331,-90.4859
-1.5270,-12.6608,18.5755,-90.5004
-1.7723,-12.4404,18.6073,-90.5022
-1.8995,-12.4344,18.5997,-90.5939
-1.5270,-12.7621,18.5541,-90.4975
-1.4089,-13.0789,18.4949,-90.4799
-1.1636,-13.2939,18.4566,-90.4366
6.7599,-12.9318,17.8397,-87.8568
6.8855,-12.9138,17.8169,-87.8760
7.3688,-12.4263,17.8165,-87.6502
7.4851,-12.0994,17.8595,-87.5866
7.9671,-11.6987,17.8194,-87.4036
8.0919,-11.0355,17.9047,-87.3057
8.4481,-10.6530,17.8752,-87.1318
8.8035,-9.9308,17.8830,-86.9558
9.2824,-9.2891,17.8296,-86.7548
9.6450,-8.4229,17.8106,-86.5334
9.8836,-8.1565,17.7654,-86.4938
10.1127,-7.6483,17.7317,-86.3008
10.1127,-7.4167,17.7454,-86.2459
9.7599,-8.2903,17.7888,-86.4910
9.5215,-8.5662,17.8348,-86.5392
8.9278,-9.8014,17.8663,-86.9255
8.6882,-10.0674,17.8973,-86.9591
8.4481,-10.5399,17.8920,-87.1435
8.0919,-10.9314,17.9214,-87.3073
7.9671,-11.5964,17.8384,-87.3830
7.6101,-11.9688,17.8538,-87.5488
7.4851,-11.9888,17.8795,-87.5283
7.4850,-12.1996,17.8378,-87.6227
0.7909,-13.5076,18.4167,-89.7624
1.0364,-13.2969,18.4603,-89.7450
1.5270,-13.2824,18.4420,-89.5210
1.5270,-13.2824,18.4420,-89.5153
1.0363,-13.2956,18.4587,-89.6663
0.7909,-13.4088,18.4410,-89.6755
0.9182,-14.8154,18.0650,-89.7148
0.9182,-14.2238,18.2327,-89.7203
0.4273,-14.0284,18.2948,-89.8636
0.3091,-13.4135,18.4470,-89.9098
0.1818,-13.3069,18.4729,-89.9002
-0.0636,-13.3074,18.4736,-89.9502
-0.4273,-12.9952,18.5386,-90.1333
-0.9182,-12.8792,18.5528,-90.2897
-1.1636,-12.5602,18.6095,-90.3933
-1.1636,-12.3475,18.6511,-90.3822
-1.8995,-12.0049,18.6780,-90.6196
-1.8995,-11.7889,18.7157,-90.6421
-2.1446,-11.3408,18.7708,-90.7423
-2.5077,-10.9964,18.7954,-90.8529
-2.5077,-10.8814,18.8112,-90.8672
-3.2423,-10.2825,18.8237,-91.1210
-3.2423,-10.0570,18.8495,-91.1550
-3.4869,-9.5838,18.8720,-91.2620
-4.0934,-8.9655,18.8579,-91.4734
-4.8253,-7.3629,18.8477,-91.8136
-4.9517,-7.3510,18.8314,-91.8320
-4.0934,-9.0771,18.8495,-91.4945
-3.6046,-9.4564,18.8715,-91.3007
-3.2423,-10.1654,18.8369,-91.1429
-3.2423,-10.3916,18.8119,-91.1186
-2.9976,-10.5236,18.8185,-91.1235
-2.5077,-10.9964,18.7954,-90.8650
-2.5077,-11.1032,18.7806,-90.8505
-2.1446,-11.4466,18.7547,-90.7292
-1.8995,-12.0049,18.6780,-90.6166
-1.4089,-12.3403,18.6419,-90.4681
-1.2908,-12.3437,18.6464,-90.4607
-1.1636,-12.4580,18.6298,-90.4121
-1.1636,-12.6710,18.5885,-90.3673
-0.8000,-12.9904,18.5325,-90.2605
-0.5546,-12.9946,18.5377,-90.2557
-0.1818,-13.3065,18.4724,-90.0611
0.0636,-13.3074,18.4736,-90.0570
0.3091,-13.5132,18.4237,-89.8913
0.4273,-14.0284,18.2948,-89.8612
0.9182,-14.3208,18.2063,-89.7247
-4.4641,-14.9081,17.7213,-91.3213
-4.9517,-14.5611,17.7514,-91.4731
-5.0690,-14.5486,17.7360,-91.4768
-6.0417,-13.6419,17.8123,-91.8510
-5.7989,-13.4711,17.9041,-91.8934
-5.9158,-13.4551,17.8842,-91.8441
-6.0417,-13.6428,17.8133,-91.8001
-5.9158,-13.8602,17.7801,-91.8369
-5.1862,-14.5355,17.7198,-91.5507
2.7527,-15.0414,17.8848,-89.1803
2.9976,-15.0268,17.8670,-89.1901
3.9758,-14.5598,17.8953,-88.8165
3.4869,-14.6941,17.9154,-88.9557
0.7909,-15.4042,17.8841,-89.7723
1.0364,-15.3069,17.9096,-89.7672
1.2817,-14.4089,18.1691,-89.6027
1.5271,-14.3057,18.1877,-89.6092
1.5270,-14.0056,18.2665,-89.5327
1.1636,-13.8121,18.3313,-89.6348
3.1154,-12.8956,18.4124,-88.9978
3.6046,-12.8611,18.3688,-88.8513
3.7314,-12.7428,18.3799,-88.8344
3.9758,-12.7234,18.3552,-88.7941
4.5815,-12.0400,18.4086,-88.5006
4.6989,-12.0288,18.3942,-88.4934
5.1862,-11.6521,18.3875,-88.2828
5.1862,-11.4362,18.4243,-88.2471
5.5557,-11.0714,18.4208,-88.1260
5.6728,-11.0580,18.4034,-88.1203
6.1585,-10.4517,18.4028,-87.8866
6.6434,-10.1657,18.3475,-87.7065
6.8854,-9.5666,18.3671,-87.5650
6.6434,-10.0499,18.3614,-87.6994
6.4012,-10.3064,18.3782,-87.7234
6.0417,-10.4663,18.4219,-87.9155
6.0417,-10.5732,18.4080,-87.9380
5.1862,-11.3308,18.4402,-88.2474
5.1862,-11.5487,18.4058,-88.2892
4.3375,-12.1655,18.4185,-88.5696
4.3375,-12.3791,18.3785,-88.6053
4.2200,-12.4991,18.3697,-88.5991
4.0934,-12.5099,18.3835,-88.6400
3.8492,-12.7343,18.3691,-88.7023
2.7527,-13.0187,18.4189,-89.1098
2.5078,-13.2421,18.3912,-89.1384
2.2627,-13.2531,18.4051,-89.2953
1.8995,-13.4762,18.3772,-89.3992
1.6543,-13.4860,18.3896,-89.4034
1.4089,-13.6992,18.3492,-89.5708
1.0364,-13.8167,18.3370,-89.5625
1.1636,-13.9104,18.3065,-89.6291
1.4089,-13.9044,18.2989,-89.6418
1.5270,-14.0056,18.2665,-89.5250
1.5270,-14.2087,18.2138,-89.5383
1.2817,-14.4102,18.1706,-89.5400
1.0363,-15.2053,17.9410,-89.7027
-0.1818,-15.8929,17.7267,-90.0446
0.0636,-15.8939,17.7278,-90.0529
0.3091,-15.7018,17.7926,-89.9021
0.3091,-15.5107,17.8586,-89.9108
0.5546,-15.3157,17.9203,-89.9086
0.3091,-15.4099,17.8910,-89.9225
0.3091,-15.6032,17.8274,-89.9097
-0.0636,-15.8932,17.7271,-90.0159
-0.1818,-15.7947,17.7619,-90.0187
-0.0636,-15.6044,17.8288,-90.0580
-0.0636,-15.0213,18.0163,-90.0197
-0.0636,-14.9269,18.0455,-90.0189
-0.1818,-14.9266,18.0451,-90.0189
-0.0636,-15.0217,18.0167,-90.0592
-0.0636,-15.6035,17.8278,-90.0194
-0.1818,-15.7028,17.7938,-90.0181
-3.7314,-16.0208,17.4417,-91.0529
-4.3375,-15.8701,17.4130,-91.2220
-4.5816,-15.6660,17.4514,-91.2477
-5.0690,-15.5152,17.4222,-91.4471
-5.5557,-15.1762,17.4504,-91.6057
-5.1862,-15.5021,17.4063,-91.4708
-4.9518,-15.5286,17.4386,-91.4859
-4.0934,-15.9898,17.4043,-91.1558
3.4869,-16.5953,17.2486,-89.0394
3.7315,-16.4817,17.2648,-89.0355
4.3375,-16.4271,17.1991,-88.8089
4.4550,-16.3275,17.2211,-88.7947
5.1862,-16.1540,17.1649,-88.5642
5.4297,-15.9415,17.2034,-88.5331
5.6729,-15.9112,17.1668,-88.4728
7.1273,-15.1494,17.1193,-87.9648
7.4850,-14.8025,17.1473,-87.8148
7.0019,-15.1688,17.1431,-87.9891
4.8253,-16.2894,17.1752,-88.6564
4.4552,-16.3287,17.2225,-88.6669
4.3375,-16.4271,17.1991,-88.8076
3.7314,-16.4809,17.2637,-88.9693
-0.3091,-17.7100,16.9756,-90.0824
-0.4273,-17.6184,17.0177,-90.0813
-0.4273,-17.3575,17.1391,-90.1191
-0.6728,-17.3535,17.1347,-90.1129
-1.0454,-17.5231,17.0448,-90.2741
-1.5270,-17.3320,17.1092,-90.4040
-1.6542,-17.4135,17.0656,-90.4024
-1.8995,-17.3187,17.0934,-90.4464
-2.3897,-17.2946,17.0648,-90.6333
-2.5077,-17.2027,17.0959,-90.6414
-2.9975,-17.0798,17.1009,-90.8018
-3.2423,-16.8842,17.1599,-90.8196
-3.6046,-16.8554,17.1256,-90.9737
-4.0934,-16.6325,17.1519,-91.1149
-4.3376,-16.4284,17.2007,-91.1385
-4.7080,-16.3017,17.1900,-91.2996
-4.9518,-16.0923,17.2325,-91.3258
-5.0690,-16.0782,17.2155,-91.3881
-6.7689,-14.5269,17.4077,-91.9886
-7.0019,-14.0996,17.4822,-92.1069
-7.6101,-13.4126,17.5251,-92.3337
-8.0919,-12.5153,17.6203,-92.5757
-8.0919,-12.3086,17.6665,-92.6049
-8.4481,-11.7254,17.6917,-92.7593
-8.5726,-11.0638,17.7778,-92.8422
-8.6881,-10.9315,17.7695,-92.8741
-8.8124,-10.2640,17.8366,-92.9933
-8.9278,-10.1291,17.8247,-93.0291
-8.9278,-9.5789,17.8927,-93.0891
-9.0431,-9.4420,17.8780,-93.1357
-9.0431,-6.5623,18.0635,-93.4234
-8.9278,-6.4589,18.0945,-93.4635
-8.9278,-5.6179,18.0993,-93.4500
-8.4481,-5.4540,18.2106,-93.3343
-8.2079,-5.2480,18.2628,-93.3575
-8.3324,-4.9805,18.2280,-93.3271
-8.4481,-4.9622,18.2018,-93.3002
-8.9278,-4.3870,18.0729,-93.5714
-8.9278,-4.3870,18.0729,-93.5891
-8.6881,-4.8039,18.1426,-93.4413
-8.2077,-5.1190,18.2587,-93.2665
-8.6881,-5.5322,18.1559,-93.3708
-9.0434,-5.4728,18.0719,-93.3973
-8.9278,-5.6179,18.0993,-93.4540
-9.4063,-5.8922,17.9797,-93.6053
-9.7602,-5.8274,17.8887,-93.6263
-9.8835,-5.9274,17.8530,-93.8021
-10.2364,-5.8594,17.7574,-93.7859
-10.3592,-5.9488,17.7197,-93.9687
-10.9476,-5.8258,17.5470,-94.1615
-11.0615,-5.6861,17.5138,-94.2167
-10.9476,-5.5864,17.5492,-94.2803
-10.5966,-5.6601,17.6531,-94.0877
-10.2360,-5.4920,17.7567,-93.9820
-9.9983,-5.5394,17.8235,-93.9650
-9.5213,-5.2686,17.9477,-93.7479
-9.6451,-5.2459,17.9155,-93.7184
-10.1215,-5.5147,17.7887,-93.9009
-10.3594,-5.4679,17.7226,-93.9235
-10.7108,-5.6363,17.6196,-94.1063
-10.9477,-5.5866,17.5496,-94.1189
-11.0614,-5.6859,17.5134,-94.2493
-10.9476,-5.9502,17.5463,-94.1742
-10.8249,-5.8524,17.5843,-94.2026
-10.3592,-5.9488,17.7197,-93.9767
-10.2361,-5.8585,17.7560,-93.9887
-9.8835,-5.9274,17.8530,-93.8055
-9.7599,-5.8266,17.8874,-93.8230
-9.4063,-5.8922,17.9797,-93.6369
-9.2824,-5.7986,18.0121,-93.6507
-9.0433,-5.8413,18.0723,-93.5751
-8.9278,-5.9775,18.0998,-93.4519
-8.9278,-6.4586,18.0942,-93.4184
-9.0431,-6.5626,18.0639,-93.3669
-9.0431,-9.4418,17.8776,-93.1383
-8.9278,-9.5791,17.8931,-93.1381
-8.9278,-10.1288,17.8243,-93.0707
-8.8125,-10.2642,17.8370,-93.0246
-8.8124,-10.5891,17.7915,-92.9255
-8.5726,-11.0638,17.7778,-92.8412
-8.5726,-11.3824,17.7246,-92.7811
-8.2077,-12.0792,17.6839,-92.6298
-8.0919,-12.6147,17.5979,-92.5581
-7.6101,-13.5094,17.4997,-92.3196
-7.0019,-14.2019,17.4523,-92.0965
-6.7689,-14.6277,17.3763,-91.9865
-5.1862,-16.0649,17.1994,-91.4521
-5.0690,-16.0782,17.2155,-91.4451
-4.8254,-16.2907,17.1768,-91.3825
-4.4641,-16.4148,17.1844,-91.2306
-3.9758,-16.7372,17.1253,-91.0822
-3.3601,-16.8742,17.1481,-90.9120
-2.8796,-17.1802,17.0692,-90.7706
-1.8995,-17.3179,17.0925,-90.5091
-1.7723,-17.4090,17.0603,-90.4998
-1.5271,-17.3329,17.1102,-90.4698
-1.0454,-17.5231,17.0448,-90.2772
-0.5546,-17.3544,17.1358,-90.1496
-0.4273,-17.4417,17.0992,-90.1458
-0.5546,-17.7076,16.9728,-90.1495
-0.4273,-17.6184,17.0177,-90.1457
0.6728,-17.7902,16.9308,-89.8292
0.4273,-17.6194,17.0189,-89.8212
0.0636,-17.6200,17.0197,-89.9820
-0.1818,-17.5357,17.0597,-89.9833
-0.0636,-17.6203,17.0200,-90.0555
0.3091,-17.6190,17.0185,-89.9203
0.9182,-17.7017,16.9658,-89.7626
1.1636,-17.6967,16.9599,-89.7600
1.6542,-17.8549,16.8572,-89.5739
1.7723,-17.7606,16.8959,-89.5675
3.1154,-17.6872,16.8093,-89.1957
3.2423,-17.5945,16.8392,-89.1823
3.6048,-17.5680,16.8079,-89.1507
4.3375,-17.2347,16.8536,-88.8554
4.9427,-17.0869,16.8180,-88.6899
5.6728,-16.7364,16.8318,-88.4769
5.9159,-16.5263,16.8727,-88.4445
6.2843,-16.3812,16.8504,-88.2886
6.5179,-16.1672,16.8864,-88.2547
7.0019,-15.9100,16.8702,-88.0609
7.3688,-15.5775,16.9045,-87.9200
7.4851,-15.5586,16.8816,-87.9334
8.8035,-14.2825,16.9500,-87.4230
8.8035,-14.1823,16.9816,-87.3899
9.5213,-13.2598,17.0289,-87.1081
10.1127,-12.1227,17.1203,-86.7945
10.1127,-11.9171,17.1663,-86.7514
10.3506,-11.6580,17.1441,-86.7337
10.3504,-11.3471,17.2043,-86.6551
10.4736,-11.2111,17.1904,-86.6130
10.4736,-11.0001,17.2296,-86.5286
10.5879,-10.8721,17.2144,-86.5472
10.5878,-10.6593,17.2514,-86.4512
10.8248,-10.1752,17.2492,-86.3548
10.9476,-9.0504,17.3558,-86.1801
11.0615,-8.9175,17.3333,-86.1622
11.0614,-6.6264,17.4935,-85.8763
10.9476,-6.5383,17.5323,-85.8326
10.9476,-5.9496,17.5454,-85.8521
10.8249,-5.8524,17.5843,-85.7895
10.8248,-5.1293,17.5846,-85.8116
10.7108,-4.9107,17.6166,-85.7113
10.5878,-4.9352,17.6517,-85.8563
10.2360,-4.6430,17.7452,-85.9276
10.2360,-4.1492,17.7299,-85.9195
9.9981,-3.6966,17.7744,-85.9236
9.9981,-3.9468,17.7868,-86.0093
10.1128,-4.0538,17.7601,-85.9870
10.1127,-4.3021,17.7697,-85.9771
10.2361,-4.3970,17.7387,-85.9852
10.3504,-4.8655,17.7181,-85.9385
10.8248,-5.1293,17.5846,-85.8082
10.8248,-5.8520,17.5838,-85.8723
10.9476,-5.9500,17.5458,-85.8954
10.9476,-6.5380,17.5319,-85.8767
11.0615,-6.6267,17.4939,-85.9351
11.0614,-8.9173,17.3329,-86.1561
10.9476,-9.0506,17.3561,-86.1582
10.8248,-10.1752,17.2492,-86.3677
10.7108,-10.3052,17.2675,-86.3859
10.7108,-10.5207,17.2337,-86.4755
10.5879,-10.6589,17.2510,-86.4567
10.3504,-11.5566,17.1630,-86.6562
9.5213,-13.1564,17.0566,-87.0998
9.2825,-13.4054,17.0654,-87.1392
8.8035,-14.1821,16.9814,-87.4113
7.3688,-15.5775,16.9045,-87.9255
7.2436,-15.5978,16.9292,-87.9313
6.8854,-15.9279,16.8918,-88.1000
6.7600,-15.9470,16.9149,-88.0888
6.1585,-16.3985,16.8712,-88.3188
5.7990,-16.5417,16.8912,-88.3368
5.5557,-16.7510,16.8492,-88.5101
4.5815,-17.2105,16.8249,-88.7846
4.3376,-17.2353,16.8544,-88.7883
3.9758,-17.4444,16.8119,-88.9671
3.2423,-17.5941,16.8388,-89.1511
3.1154,-17.6875,16.8097,-89.1622
1.7723,-17.7602,16.8955,-89.5344
1.6542,-17.8553,16.8576,-89.5447
1.5270,-17.7696,16.9066,-89.5709
1.2817,-17.7776,16.9160,-89.6069
0.9182,-17.5258,17.0481,-89.7566
1.0363,-17.6085,17.0060,-89.7605
0.4273,-17.9668,16.8498,-89.8878
-0.6728,-17.9638,16.8463,-90.1693
-0.8000,-17.8786,16.8851,-90.1754
-0.8000,-17.9619,16.8440,-90.2087
