-0.0004,44.9224,91.8629,-90.0415
1.2872,32.3321,88.8826,-89.6435
1.2872,32.3321,88.8826,-89.6400
1.3979,32.4169,88.9284,-89.6371
1.3979,32.4172,88.9280,-89.6036
1.5108,32.4204,88.9226,-89.6084
1.5108,32.4206,88.9224,-89.5715
1.6215,32.4241,88.9168,-89.5768
1.6215,32.4242,88.9165,-89.5406
1.7344,32.4280,88.9104,-89.5458
1.7344,32.4281,88.9101,-89.5089
1.8451,32.4321,88.9037,-89.5142
1.8451,32.4323,88.9034,-89.4779
1.9580,32.4366,88.8964,-89.4832
1.9580,32.4367,88.8962,-89.4462
2.0687,32.4412,88.8889,-89.4516
2.0686,32.4414,88.8887,-89.4153
2.1815,32.4462,88.8808,-89.4206
2.1815,32.4464,88.8805,-89.3836
2.2921,32.5318,88.9216,-89.3833
2.2921,32.5321,88.9212,-89.3504
2.4049,32.5374,88.9124,-89.3552
2.4049,32.5376,88.9122,-89.3181
2.5155,32.5431,88.9032,-89.3236
2.5155,32.5432,88.9030,-89.2871
2.6283,32.5492,88.8934,-89.2926
2.6283,32.5493,88.8932,-89.2554
2.7388,32.5553,88.8833,-89.2609
2.7388,32.5555,88.8831,-89.2244
2.8516,32.6442,88.9224,-89.2225
2.8516,32.6444,88.9220,-89.1897
2.9621,32.6510,88.9113,-89.1947
2.9621,32.6511,88.9111,-89.1581
3.0748,32.6581,88.8998,-89.1636
3.0748,32.6582,88.8996,-89.1262
3.1852,32.6653,88.8881,-89.1319
3.1852,32.6654,88.8879,-89.0952
3.2979,32.6729,88.8757,-89.1008
3.2979,32.6730,88.8755,-89.0634
3.4083,32.7615,88.9115,-89.0604
3.4083,32.7618,88.9111,-89.0289
3.5209,32.7698,88.8980,-89.0339
3.5209,32.7699,88.8978,-88.9964
3.6312,32.7780,88.8846,-89.0022
3.6312,32.7781,88.8844,-88.9653
3.7438,32.7866,88.8706,-88.9711
3.7438,32.7867,88.8703,-88.9334
3.8541,32.8781,88.9052,-88.9293
3.8541,32.8784,88.9048,-88.8984
3.9666,32.8874,88.8901,-88.9034
3.9666,32.8875,88.8899,-88.8656
4.0768,32.8966,88.8750,-88.8717
4.0768,32.8968,88.8748,-88.8345
4.1892,32.9877,88.9067,-88.8297
4.1892,32.9880,88.9063,-88.7984
4.2994,32.9976,88.8906,-88.8036
4.2994,32.9977,88.8904,-88.7663
4.4118,33.0077,88.8740,-88.7725
4.4118,33.0079,88.8737,-88.7343
4.5219,33.1013,88.9053,-88.7287
4.5219,33.1016,88.9048,-88.6985
4.6342,33.1121,88.8875,-88.7037
4.6342,33.1122,88.8873,-88.6655
4.7442,33.1228,88.8700,-88.6719
4.7442,33.1230,88.8697,-88.6343
4.8564,33.2160,88.8983,-88.6281
4.8564,33.2162,88.8979,-88.5974
4.9664,33.2273,88.8797,-88.6028
4.9664,33.2274,88.8794,-88.5651
5.0786,33.2390,88.8604,-88.5716
5.0785,33.2391,88.8602,-88.5330
5.1907,33.3348,88.8880,-88.5259
5.1906,33.3351,88.8876,-88.4957
5.3005,33.3469,88.8681,-88.5012
5.3005,33.3470,88.8679,-88.4633
5.4125,33.4418,88.8935,-88.4559
5.4125,33.4421,88.8930,-88.4257
5.5223,33.4544,88.8727,-88.4313
5.5223,33.4545,88.8725,-88.3931
5.6343,33.4673,88.8514,-88.4001
5.6342,33.4675,88.8512,-88.3609
5.7440,33.5646,88.8764,-88.3528
5.7439,33.5649,88.8759,-88.3238
5.8558,33.5782,88.8539,-88.3294
5.8558,33.5783,88.8537,-88.2903
5.9654,33.5917,88.8317,-88.2975
5.9654,33.5918,88.8315,-88.2589
6.0772,33.6885,88.8537,-88.2503
6.0772,33.6888,88.8533,-88.2206
6.1867,33.7026,88.8305,-88.2265
6.1867,33.7027,88.8303,-88.1879
6.2984,33.8019,88.8520,-88.1785
6.2984,33.8022,88.8516,-88.1493
6.4078,33.8164,88.8280,-88.1552
6.4078,33.8166,88.8277,-88.1163
6.5194,33.9148,88.8474,-88.1069
6.5194,33.9151,88.8469,-88.0776
6.6287,33.9298,88.8225,-88.0837
6.6287,33.9300,88.8222,-88.0446
6.7402,34.0306,88.8415,-88.0344
6.7402,34.0309,88.8410,-88.0055
6.8494,34.1301,88.8590,-87.9937
6.8494,34.1303,88.8586,-87.9656
6.9608,34.1461,88.8324,-87.9718
6.9608,34.1462,88.8322,-87.9315
7.0699,34.2478,88.8498,-87.9208
7.0699,34.2481,88.8493,-87.8928
7.1812,34.2643,88.8222,-87.8991
7.1812,34.2644,88.8220,-87.8586
7.2902,34.3651,88.8375,-87.8479
7.2902,34.3653,88.8371,-87.8198
7.4014,34.3821,88.8091,-87.8263
7.4014,34.3822,88.8089,-87.7855
7.5103,34.4852,88.8240,-87.7740
7.5103,34.4855,88.8236,-87.7463
7.6214,34.5876,88.8364,-87.7329
7.6213,34.5879,88.8360,-87.7045
7.7302,34.6050,88.8073,-87.7113
7.7302,34.6051,88.8071,-87.6708
7.8411,34.7097,88.8195,-87.6587
7.8411,34.7100,88.8191,-87.6304
7.9498,34.8130,88.8304,-87.6164
7.9498,34.8132,88.8300,-87.5889
8.0606,34.8314,88.7994,-87.5958
8.0606,34.8315,88.7992,-87.5541
8.1692,34.9369,88.8101,-87.5417
8.1692,34.9372,88.8096,-87.5142
8.2799,35.0417,88.8183,-87.4995
8.2799,35.0420,88.8178,-87.4714
8.3884,35.0605,88.7866,-87.4787
8.3883,35.0606,88.7864,-87.4372
8.4989,35.1676,88.7946,-87.4242
8.4989,35.1678,88.7941,-87.3961
8.6073,35.2732,88.8012,-87.3809
8.6072,35.2734,88.8008,-87.3537
8.7177,35.3813,88.8072,-87.3378
8.7177,35.3816,88.8068,-87.3101
8.8259,35.4010,88.7739,-87.3177
8.8259,35.4011,88.7737,-87.2755
8.9362,35.5080,88.7781,-87.2624
8.9362,35.5082,88.7777,-87.2340
9.0443,35.6169,88.7826,-87.2177
9.0443,35.6172,88.7822,-87.1909
9.1545,35.7250,88.7849,-87.1746
9.1545,35.7252,88.7845,-87.1467
9.2625,35.8349,88.7877,-87.1299
9.2624,35.8351,88.7873,-87.1031
9.3725,35.8560,88.7517,-87.1111
9.3725,35.8561,88.7514,-87.0672
9.4803,35.9647,88.7527,-87.0536
9.4803,35.9649,88.7523,-87.0260
9.5902,36.0761,88.7527,-87.0086
9.5902,36.0764,88.7523,-86.9812
9.6979,36.1859,88.7519,-86.9641
9.6979,36.1861,88.7515,-86.9371
9.8077,36.2982,88.7502,-86.9193
9.8076,36.2984,88.7498,-86.8918
9.9152,36.4088,88.7477,-86.8743
9.9152,36.4091,88.7473,-86.8473
10.0248,36.5221,88.7443,-86.8292
10.0248,36.5223,88.7439,-86.8016
10.1322,36.6336,88.7401,-86.7839
10.1322,36.6338,88.7397,-86.7568
10.2417,36.7478,88.7350,-86.7384
10.2417,36.7480,88.7346,-86.7108
10.3489,36.8602,88.7291,-86.6928
10.3489,36.8604,88.7287,-86.6657
10.4583,36.9753,88.7223,-86.6469
10.4582,36.9755,88.7219,-86.6193
10.5654,37.0885,88.7148,-86.6009
10.5653,37.0887,88.7144,-86.5738
10.6745,37.2045,88.7063,-86.5547
10.6745,37.2047,88.7058,-86.5270
10.6745,37.2954,88.7375,-86.5044
10.6745,37.2956,88.7372,-86.5224
10.7815,37.4115,88.7287,-86.4936
10.7814,37.4117,88.7282,-86.4686
10.8905,37.5268,88.7174,-86.4494
10.8905,37.5270,88.7170,-86.4212
10.9973,37.6438,88.7067,-86.4019
10.9973,37.6441,88.7063,-86.3748
11.1061,37.7600,88.6937,-86.3558
11.1061,37.7602,88.6933,-86.3274
11.1061,37.8539,88.7234,-86.3034
11.1061,37.8541,88.7232,-86.3227
11.2128,37.9702,88.7102,-86.2932
11.2127,37.9704,88.7098,-86.2678
11.3215,38.0892,88.6957,-86.2476
11.3214,38.0894,88.6953,-86.2194
11.4280,38.2064,88.6807,-86.2002
11.4279,38.2066,88.6803,-86.1724
11.5365,38.3263,88.6645,-86.1525
11.5364,38.3265,88.6640,-86.1241
11.5364,38.4195,88.6915,-86.0998
11.5364,38.4197,88.6913,-86.1196
11.6428,38.5395,88.6751,-86.0885
11.6428,38.5397,88.6746,-86.0634
11.7512,38.6586,88.6562,-86.0433
11.7511,38.6588,88.6558,-86.0144
11.7511,38.7545,88.6825,-85.9891
11.7511,38.7546,88.6823,-86.0098
11.8573,38.8736,88.6634,-85.9787
11.8573,38.8738,88.6630,-85.9531
11.9655,38.9956,88.6429,-85.9322
11.9655,38.9959,88.6425,-85.9034
11.9655,39.0903,88.6674,-85.8784
11.9655,39.0904,88.6672,-85.8991
12.0715,39.2124,88.6468,-85.8669
12.0715,39.2126,88.6464,-85.8416
12.0715,39.3075,88.6705,-85.8155
12.0715,39.3076,88.6703,-85.8367
12.1795,39.4307,88.6476,-85.8042
12.1795,39.4309,88.6472,-85.7778
12.2853,39.5520,88.6242,-85.7574
12.2853,39.5522,88.6238,-85.7286
12.2853,39.6497,88.6471,-85.7023
12.2853,39.6498,88.6468,-85.7242
12.3932,39.7720,88.6216,-85.6918
12.3931,39.7722,88.6212,-85.6648
12.3931,39.8702,88.6436,-85.6378
12.3931,39.8704,88.6434,-85.6601
12.4988,39.9926,88.6179,-85.6273
12.4988,39.9928,88.6175,-85.6011
12.4988,40.0913,88.6391,-85.5738
12.4988,40.0914,88.6388,-85.5964
12.6065,40.2148,88.6111,-85.5633
12.6064,40.2150,88.6107,-85.5360
12.6064,40.3139,88.6314,-85.5088
12.6064,40.3141,88.6312,-85.5315
12.7120,40.4375,88.6032,-85.4981
12.7119,40.4377,88.6027,-85.4717
12.7119,40.5371,88.6226,-85.4440
12.7119,40.5372,88.6224,-85.4671
12.8194,40.6618,88.5921,-85.4335
12.8194,40.6620,88.5917,-85.4059
12.8194,40.7618,88.6107,-85.3784
12.8194,40.7620,88.6105,-85.4017
12.9247,40.8866,88.5800,-85.3677
12.9247,40.8868,88.5795,-85.3410
12.9247,40.9871,88.5977,-85.3130
12.9247,40.9872,88.5975,-85.3366
13.0320,41.1149,88.5650,-85.3018
13.0320,41.1151,88.5646,-85.2743
13.0320,41.2139,88.5816,-85.2471
13.0320,41.2140,88.5814,-85.2704
13.0320,41.3150,88.5982,-85.2284
13.0320,41.3151,88.5980,-85.2562
13.1371,41.4411,88.5645,-85.2205
13.1371,41.4413,88.5641,-85.1936
13.1371,41.5427,88.5802,-85.1654
13.1371,41.5428,88.5799,-85.1896
13.1371,41.6425,88.5952,-85.1477
13.1371,41.6426,88.5950,-85.1754
13.2443,41.7719,88.5592,-85.1390
13.2442,41.7721,88.5587,-85.1112
13.2442,41.8722,88.5732,-85.0837
13.2442,41.8723,88.5730,-85.1076
13.2442,41.9747,88.5873,-85.0646
13.2442,41.9748,88.5871,-85.0934
13.3492,42.1023,88.5502,-85.0570
13.3492,42.1025,88.5498,-85.0295
13.3492,42.2052,88.5633,-85.0011
13.3492,42.2054,88.5631,-85.0259
13.3492,42.3064,88.5758,-84.9830
13.3492,42.3065,88.5756,-85.0117
13.4561,42.4373,88.5364,-84.9745
13.4561,42.4375,88.5359,-84.9461
13.4561,42.5389,88.5479,-84.9186
13.4561,42.5390,88.5477,-84.9430
13.4561,42.6427,88.5594,-84.8990
13.4561,42.6428,88.5592,-84.9288
13.5609,42.7718,88.5190,-84.8916
13.5608,42.7719,88.5186,-84.8635
13.5608,42.8761,88.5295,-84.8351
13.5608,42.8762,88.5293,-84.8604
13.5608,42.9785,88.5395,-84.8164
13.5608,42.9786,88.5393,-84.8462
13.5608,43.0832,88.5494,-84.8001
13.5608,43.0833,88.5492,-84.8310
13.6676,43.2137,88.5058,-84.7933
13.6676,43.2139,88.5054,-84.7636
13.6676,43.3189,88.5146,-84.7357
13.6676,43.3190,88.5144,-84.7611
13.6676,43.4221,88.5230,-84.7167
13.6676,43.4223,88.5228,-84.7470
13.6676,43.5277,88.5311,-84.7002
13.6676,43.5278,88.5309,-84.7318
13.7722,43.6586,88.4865,-84.6934
13.7721,43.6588,88.4861,-84.6645
13.7721,43.7646,88.4936,-84.6363
13.7721,43.7647,88.4934,-84.6622
13.7721,43.8688,88.5003,-84.6171
13.7721,43.8689,88.5001,-84.6481
13.7721,43.9752,88.5067,-84.6006
13.7721,43.9753,88.5065,-84.6328
13.7721,44.0798,88.5126,-84.5855
13.7721,44.0799,88.5124,-84.6174
13.8787,44.2143,88.4646,-84.5781
13.8787,44.2145,88.4641,-84.5479
13.8787,44.3193,88.4694,-84.5209
13.8787,44.3194,88.4692,-84.5464
13.8787,44.4266,88.4741,-84.5001
13.8787,44.4267,88.4739,-84.5324
13.8787,44.5320,88.4783,-84.4846
13.8787,44.5321,88.4781,-84.5171
13.8787,44.6398,88.4821,-84.4684
13.8787,44.6399,88.4819,-84.5017
13.8787,44.7456,88.4855,-84.4534
13.8787,44.7457,88.4853,-84.4863
13.8787,44.8538,88.4885,-84.4373
13.8787,44.8539,88.4883,-84.4709
13.9831,44.9870,88.4380,-84.4312
13.9831,44.9872,88.4376,-84.4008
13.9831,45.0957,88.4400,-84.3733
13.9831,45.0958,88.4398,-84.3997
13.9831,45.2023,88.4417,-84.3533
13.9831,45.2024,88.4414,-84.3860
13.9831,45.3113,88.4430,-84.3366
13.9831,45.3114,88.4427,-84.3708
13.9831,45.4184,88.4438,-84.3215
13.9831,45.4185,88.4436,-84.3554
13.9831,45.5278,88.4442,-84.3054
13.9831,45.5279,88.4440,-84.3400
13.9831,45.6353,88.4442,-84.2904
13.9831,45.6354,88.4440,-84.3246
13.9831,45.7452,88.4438,-84.2744
13.9831,45.7453,88.4436,-84.3092
13.9831,45.8531,88.4430,-84.2595
13.9831,45.8532,88.4428,-84.2939
13.9831,45.9634,88.4417,-84.2435
13.9831,45.9635,88.4415,-84.2786
13.9831,46.0717,88.4401,-84.2286
13.9831,46.0719,88.4398,-84.2633
13.9831,46.1825,88.4379,-84.2126
13.9831,46.1826,88.4377,-84.2480
13.9831,46.2912,88.4354,-84.1977
13.9831,46.2913,88.4352,-84.2327
13.9831,46.4024,88.4325,-84.1818
13.9831,46.4025,88.4322,-84.2175
13.9831,46.5115,88.4291,-84.1670
13.9831,46.5116,88.4289,-84.2023
13.9831,46.6231,88.4253,-84.1511
13.9831,46.6232,88.4251,-84.1871
13.9831,46.7326,88.4211,-84.1363
13.9831,46.7327,88.4209,-84.1719
13.9831,46.8446,88.4164,-84.1204
13.9831,46.8447,88.4162,-84.1567
13.9831,46.9546,88.4114,-84.1057
13.9831,46.9547,88.4112,-84.1416
13.9831,47.0670,88.4059,-84.0899
13.9831,47.0671,88.4056,-84.1264
13.9831,47.1774,88.4000,-84.0752
13.9831,47.1774,88.3998,-84.1113
13.9831,47.2901,88.3936,-84.0594
13.9831,47.2902,88.3934,-84.0963
13.9831,47.4009,88.3869,-84.0447
13.9831,47.4010,88.3867,-84.0812
13.9831,47.5141,88.3797,-84.0290
13.9831,47.5142,88.3794,-84.0662
13.9831,47.6253,88.3721,-84.0144
13.9831,47.6254,88.3719,-84.0512
13.9831,47.7389,88.3640,-83.9987
13.9831,47.7390,88.3638,-84.0362
13.9831,47.8504,88.3557,-83.9841
13.9831,47.8505,88.3555,-84.0212
13.9831,47.9644,88.3467,-83.9684
13.9831,47.9645,88.3465,-84.0062
13.9831,48.0764,88.3375,-83.9539
13.9831,48.0765,88.3373,-83.9913
13.9831,48.1908,88.3277,-83.9383
13.9831,48.1909,88.3275,-83.9764
13.9831,48.3031,88.3176,-83.9237
13.9831,48.3032,88.3174,-83.9615
13.8787,48.3922,88.3604,-83.8981
13.8787,48.3925,88.3600,-84.0097
13.8787,48.5051,88.3493,-83.9268
13.8787,48.5052,88.3491,-83.9772
13.8787,48.6204,88.3378,-83.9187
13.8787,48.6205,88.3376,-83.9594
13.8787,48.7335,88.3260,-83.9056
13.8787,48.7336,88.3258,-83.9442
13.8787,48.8491,88.3137,-83.8905
13.8787,48.8492,88.3135,-83.9294
13.8787,48.9626,88.3011,-83.8762
13.8787,48.9627,88.3009,-83.9148
13.7722,49.0529,88.3419,-83.8506
13.7721,49.0532,88.3415,-83.9663
13.7721,49.1671,88.3283,-83.8804
13.7721,49.1671,88.3281,-83.9330
13.7721,49.2835,88.3142,-83.8732
13.7721,49.2836,88.3140,-83.9151
13.7721,49.3978,88.3000,-83.8606
13.7721,49.3979,88.2998,-83.9000
13.7721,49.5146,88.2851,-83.8457
13.7721,49.5147,88.2849,-83.8855
13.6676,49.6045,88.3225,-83.8215
13.6676,49.6048,88.3221,-83.9374
13.6676,49.7219,88.3066,-83.8496
13.6676,49.7220,88.3063,-83.9043
13.6676,49.8370,88.2906,-83.8440
13.6676,49.8371,88.2904,-83.8864
13.6676,49.9546,88.2740,-83.8307
13.6676,49.9547,88.2738,-83.8714
13.6676,50.0701,88.2573,-83.8171
13.6676,50.0701,88.2571,-83.8571
13.5609,50.1632,88.2929,-83.7919
13.5608,50.1635,88.2925,-83.9122
13.5608,50.2792,88.2751,-83.8220
13.5608,50.2793,88.2749,-83.8783
13.5608,50.3976,88.2568,-83.8162
13.5608,50.3977,88.2566,-83.8603
13.4561,50.4899,88.2901,-83.7943
13.4561,50.4901,88.2897,-83.9144
13.4561,50.6088,88.2707,-83.8230
13.4561,50.6089,88.2705,-83.8807
13.4561,50.7254,88.2514,-83.8185
13.4561,50.7255,88.2512,-83.8626
13.4561,50.8445,88.2314,-83.8059
13.4561,50.8446,88.2311,-83.8479
13.3492,50.9375,88.2636,-83.7825
13.3492,50.9377,88.2632,-83.9055
13.3492,51.0572,88.2425,-83.8119
13.3492,51.0572,88.2422,-83.8714
13.3492,51.1745,88.2215,-83.8081
13.3492,51.1746,88.2213,-83.8532
13.2443,51.2712,88.2506,-83.7859
13.2442,51.2714,88.2502,-83.9099
13.2442,51.3891,88.2287,-83.8158
13.2442,51.3892,88.2285,-83.8758
13.2442,51.5094,88.2060,-83.8115
13.2442,51.5094,88.2058,-83.8576
13.1372,51.6041,88.2349,-83.7903
13.1371,51.6043,88.2345,-83.9169
13.1371,51.7249,88.2112,-83.8202
13.1371,51.7250,88.2110,-83.8823
13.0320,51.8208,88.2378,-83.8076
13.0320,51.8210,88.2374,-83.9370
13.0320,51.9420,88.2133,-83.8386
13.0320,51.9420,88.2131,-83.9019
13.0320,52.0632,88.1885,-83.8358
13.0320,52.0633,88.1883,-83.8834
12.9247,52.1595,88.2144,-83.8155
12.9247,52.1597,88.2140,-83.9445
12.9247,52.2812,88.1886,-83.8456
12.9247,52.2813,88.1884,-83.9098
12.8194,52.3786,88.2122,-83.8339
12.8194,52.3788,88.2118,-83.8995
12.8194,52.5008,88.1856,-83.8989
12.8194,52.5008,88.1854,-83.9138
12.8194,52.6205,88.1592,-83.8726
12.8194,52.6206,88.1590,-83.9079
12.7120,52.7207,88.1816,-83.8457
12.7119,52.7209,88.1812,-83.9744
12.7119,52.8410,88.1542,-83.8752
12.7119,52.8411,88.1540,-83.9403
12.6065,52.9423,88.1744,-83.8632
12.6064,52.9425,88.1740,-83.9285
12.6064,53.0629,88.1461,-83.9319
12.6064,53.0630,88.1459,-83.9442
12.4988,53.1644,88.1660,-83.8944
12.4988,53.1647,88.1656,-84.0183
12.4988,53.2854,88.1369,-83.9208
12.4988,53.2855,88.1367,-83.9858
12.3932,53.3880,88.1545,-83.9088
12.3931,53.3882,88.1541,-83.9735
12.3931,53.5094,88.1246,-83.9796
12.3931,53.5094,88.1244,-83.9901
12.2853,53.6121,88.1419,-83.9419
12.2853,53.6124,88.1415,-84.0666
12.1795,53.7135,88.1578,-83.9586
12.1795,53.7137,88.1574,-84.0304
12.1795,53.8378,88.1260,-84.0428
12.1795,53.8379,88.1258,-84.0498
12.0715,53.9392,88.1418,-84.0049
12.0715,53.9395,88.1414,-84.1288
12.0715,54.0639,88.1091,-84.0294
12.0715,54.0640,88.1089,-84.0970
11.9655,54.1664,88.1228,-84.0195
11.9655,54.1666,88.1223,-84.0830
11.8573,54.2714,88.1356,-84.0845
11.8573,54.2716,88.1352,-84.1843
11.8573,54.3942,88.1023,-84.0983
11.8573,54.3943,88.1021,-84.1589
11.7512,54.5001,88.1132,-84.0850
11.7511,54.5003,88.1127,-84.1471
11.6428,54.6037,88.1245,-84.1513
11.6428,54.6040,88.1241,-84.2500
11.6428,54.7295,88.0893,-84.1638
11.6428,54.7296,88.0891,-84.2253
11.5365,54.8340,88.0987,-84.1517
11.5364,54.8342,88.0983,-84.2130
11.4280,54.9411,88.1073,-84.2192
11.4279,54.9413,88.1068,-84.3178
11.3215,55.0465,88.1148,-84.2236
11.3214,55.0467,88.1144,-84.2894
11.3214,55.1730,88.0779,-84.3101
11.3214,55.1731,88.0777,-84.3108
11.2128,55.2785,88.0852,-84.2725
11.2127,55.2787,88.0848,-84.3973
11.1061,55.3874,88.0900,-84.2873
11.1061,55.3876,88.0895,-84.3563
10.9973,55.4938,88.0954,-84.3754
10.9973,55.4940,88.0950,-84.4675
10.9973,55.6210,88.0568,-84.3845
10.9973,55.6211,88.0565,-84.4453
10.8905,55.7283,88.0603,-84.3731
10.8905,55.7285,88.0599,-84.4322
10.7815,55.8382,88.0629,-84.4461
10.7814,55.8384,88.0625,-84.5421
10.6745,55.9463,88.0646,-84.4494
10.6745,55.9465,88.0642,-84.5128
10.5654,56.0570,88.0655,-84.5334
10.5653,56.0572,88.0650,-84.6259
10.4583,56.1660,88.0654,-84.5355
10.4582,56.1662,88.0650,-84.5978
10.3489,56.2775,88.0646,-84.6203
10.3489,56.2777,88.0642,-84.7120
10.2417,56.3872,88.0629,-84.6224
10.2417,56.3874,88.0625,-84.6839
10.1322,56.4994,88.0604,-84.7087
10.1322,56.4996,88.0600,-84.7994
10.1322,56.6257,88.0187,-84.7176
10.1322,56.6258,88.0185,-84.7788
10.0248,56.7387,88.0143,-84.7074
10.0248,56.7389,88.0139,-84.7638
9.9152,56.7231,88.0526,-84.8141
9.9152,56.7231,88.0524,-84.8784
9.8077,56.8342,88.0478,-84.8062
9.8076,56.8344,88.0473,-84.8624
9.6979,56.9480,88.0418,-84.8881
9.6979,56.9482,88.0414,-84.9790
9.5902,57.0599,88.0351,-84.8905
9.5902,57.0601,88.0347,-84.9499
9.4803,57.1745,88.0274,-84.9822
9.4803,57.1747,88.0270,-85.0692
9.3725,57.2872,88.0191,-84.9834
9.3725,57.2874,88.0186,-85.0415
9.2625,57.4025,88.0097,-85.0757
9.2624,57.4027,88.0093,-85.1618
9.1545,57.5159,87.9996,-85.0769
9.1545,57.5161,87.9992,-85.1341
9.0443,57.6320,87.9885,-85.1708
9.0443,57.6321,87.9881,-85.2556
8.9362,57.6184,88.0222,-85.1949
8.9362,57.6185,88.0220,-85.3310
8.8259,57.7324,88.0110,-85.2142
8.8259,57.7326,88.0106,-85.2785
8.7177,57.8496,87.9971,-85.3281
8.7177,57.8498,87.9967,-85.4028
8.6073,57.9644,87.9839,-85.3261
8.6072,57.9646,87.9835,-85.3806
8.4989,58.0824,87.9684,-85.4219
8.4989,58.0826,87.9679,-85.5023
8.3884,58.0695,88.0006,-85.4439
8.3883,58.0696,88.0004,-85.5829
8.2799,58.1854,87.9849,-85.4644
8.2799,58.1856,87.9845,-85.5267
8.1692,58.3040,87.9679,-85.5825
8.1692,58.3042,87.9674,-85.6554
8.0606,58.2920,87.9982,-85.6019
8.0606,58.2921,87.9980,-85.7369
7.9498,58.4085,87.9810,-85.6212
7.9498,58.4087,87.9806,-85.6827
7.8411,58.5283,87.9612,-85.7423
7.8411,58.5284,87.9608,-85.8107
7.7302,58.5166,87.9909,-85.7599
7.7302,58.5166,87.9907,-85.8963
7.6214,58.6342,87.9710,-85.7800
7.6213,58.6344,87.9706,-85.8401
7.5103,58.7546,87.9497,-85.9025
7.5103,58.7548,87.9493,-85.9710
7.4014,58.7437,87.9775,-85.9201
7.4014,58.7438,87.9773,-86.0558
7.2902,58.8619,87.9561,-85.9401
7.2902,58.8621,87.9557,-85.9997
7.1812,58.8514,87.9831,-86.0856
7.1812,58.8515,87.9829,-86.1280
7.0699,58.9728,87.9594,-86.0764
7.0699,58.9729,87.9590,-86.2234
6.9608,59.0922,87.9351,-86.1002
6.9608,59.0924,87.9347,-86.1598
6.8494,59.0820,87.9614,-86.2500
6.8494,59.0820,87.9612,-86.2917
6.7402,59.2044,87.9351,-86.2415
6.7402,59.2046,87.9347,-86.3863
6.6287,59.1945,87.9605,-86.2818
6.6287,59.1946,87.9603,-86.3354
6.5194,59.3149,87.9339,-86.4020
6.5194,59.3151,87.9335,-86.4654
6.4078,59.3054,87.9585,-86.4177
6.4078,59.3055,87.9583,-86.5564
6.2984,59.4289,87.9296,-86.4393
6.2984,59.4291,87.9292,-86.4961
6.1867,59.4197,87.9533,-86.5889
6.1867,59.4198,87.9531,-86.6291
6.0772,59.5411,87.9242,-86.5822
6.0772,59.5413,87.9238,-86.7258
5.9654,59.5323,87.9471,-86.6211
5.9654,59.5324,87.9469,-86.6735
5.8558,59.6568,87.9157,-86.7462
5.8558,59.6570,87.9153,-86.8052
5.7440,59.6483,87.9377,-86.7605
5.7439,59.6484,87.9375,-86.8990
5.6343,59.6401,87.9590,-86.7977
5.6342,59.6402,87.9588,-86.8483
5.5223,59.7625,87.9274,-86.9216
5.5223,59.7627,87.9270,-86.9821
5.4125,59.7547,87.9478,-86.9364
5.4125,59.7548,87.9475,-87.0741
5.3005,59.7469,87.9683,-86.9731
5.3005,59.7469,87.9681,-87.0238
5.1907,59.8727,87.9335,-87.1004
5.1906,59.8729,87.9331,-87.1563
5.0786,59.8653,87.9529,-87.1139
5.0785,59.8654,87.9527,-87.2521
4.9664,59.9889,87.9184,-87.1375
4.9664,59.9890,87.9179,-87.1915
4.8564,59.9819,87.9366,-87.2925
4.8564,59.9820,87.9364,-87.3251
4.7442,59.9749,87.9549,-87.2997
4.7442,59.9750,87.9547,-87.4262
4.6342,60.1019,87.9172,-87.3205
4.6342,60.1021,87.9168,-87.3715
4.5219,60.0953,87.9345,-87.4697
4.5219,60.0954,87.9343,-87.5066
4.4118,60.0889,87.9513,-87.4782
4.4118,60.0890,87.9510,-87.6053
4.2994,60.2139,87.9133,-87.4999
4.2994,60.2140,87.9128,-87.5508
4.1892,60.2079,87.9290,-87.6516
4.1892,60.2080,87.9288,-87.6845
4.0768,60.2019,87.9448,-87.6590
4.0768,60.2020,87.9446,-87.7867
3.9666,60.3302,87.9037,-87.6813
3.9666,60.3304,87.9033,-87.7311
3.8541,60.3246,87.9184,-87.8324
3.8541,60.3247,87.9182,-87.8671
3.7438,60.3192,87.9327,-87.8404
3.7438,60.3193,87.9325,-87.9674
3.6312,60.3139,87.9468,-87.8727
3.6312,60.3140,87.9466,-87.9198
3.5209,60.4404,87.9047,-88.0071
3.5209,60.4405,87.9043,-88.0540
3.4083,60.4355,87.9177,-88.0183
3.4083,60.4355,87.9175,-88.1547
3.2979,60.4307,87.9303,-88.0527
3.2979,60.4308,87.9301,-88.1002
3.1852,60.4260,87.9427,-88.2000
3.1852,60.4261,87.9425,-88.2360
3.0748,60.5560,87.8974,-88.2003
3.0748,60.5561,87.8969,-88.3383
2.9621,60.5517,87.9087,-88.2348
2.9621,60.5518,87.9085,-88.2826
2.8516,60.5476,87.9196,-88.3860
2.8516,60.5477,87.9194,-88.4172
2.7388,60.5436,87.9303,-88.3933
2.7388,60.5436,87.9300,-88.5216
2.6283,60.5398,87.9403,-88.4254
2.6283,60.5399,87.9401,-88.4712
2.5155,60.6680,87.8938,-88.5640
2.5155,60.6681,87.8934,-88.6083
2.4049,60.6646,87.9028,-88.5746
2.4049,60.6647,87.9026,-88.7085
2.2921,60.6612,87.9118,-88.6078
2.2921,60.6613,87.9116,-88.6545
2.1815,60.6581,87.9202,-88.7587
2.1815,60.6581,87.9199,-88.7894
2.0687,60.6550,87.9283,-88.7660
2.0686,60.6551,87.9281,-88.8945
1.9580,60.6522,87.9358,-88.7979
1.9580,60.6523,87.9356,-88.8433
1.8451,60.6494,87.9431,-88.9447
1.8451,60.6495,87.9429,-88.9796
1.7344,60.7816,87.8919,-88.9484
1.7344,60.7818,87.8915,-89.0830
1.6215,60.7793,87.8981,-88.9814
1.6215,60.7794,87.8979,-89.0278
1.5108,60.7771,87.9040,-89.1341
1.5108,60.7772,87.9037,-89.1632
1.3979,60.7750,87.9095,-89.1411
1.3979,60.7751,87.9093,-89.2692
1.2872,60.7731,87.9145,-89.1726
1.2872,60.7732,87.9143,-89.2175
1.1742,60.7714,87.9192,-89.3206
1.1742,60.7714,87.9190,-89.3543
1.0635,60.7698,87.9234,-89.3288
1.0635,60.7699,87.9232,-89.4573
0.9505,60.7683,87.9273,-89.3604
0.9505,60.7684,87.9271,-89.4059
0.8397,60.7671,87.9306,-89.5105
0.8397,60.7672,87.9304,-89.5409
0.7267,60.7660,87.9336,-89.5179
0.7267,60.7660,87.9334,-89.6467
0.6160,60.7650,87.9361,-89.5496
0.6160,60.7651,87.9359,-89.5946
0.5030,60.7642,87.9383,-89.6981
0.5030,60.7643,87.9380,-89.7315
0.3922,60.8958,87.8828,-89.7050
0.3922,60.8959,87.8823,-89.8352
0.2792,60.8954,87.8838,-89.7367
0.2792,60.8955,87.8836,-89.7820
0.1684,60.8951,87.8847,-89.8888
0.1684,60.8951,87.8845,-89.9175
0.0554,60.8949,87.8851,-89.8958
0.0554,60.8950,87.8849,-90.0241
-0.0554,60.8949,87.8851,-89.9269
-0.0554,60.8950,87.8849,-89.9715
-0.1684,60.8951,87.8847,-90.0764
-0.1684,60.8951,87.8845,-90.1088
-0.2792,60.8954,87.8838,-90.0843
-0.2792,60.8955,87.8836,-90.2125
-0.3922,60.8959,87.8826,-90.1154
-0.3922,60.8959,87.8823,-90.1605
-0.5030,60.7642,87.9385,-90.2656
-0.5030,60.7643,87.9380,-90.2958
-0.6160,60.7650,87.9361,-90.2731
-0.6160,60.7651,87.9359,-90.4016
-0.7267,60.7660,87.9336,-90.3047
-0.7267,60.7660,87.9334,-90.3496
-0.8397,60.7671,87.9306,-90.4531
-0.8397,60.7672,87.9304,-90.4865
-0.9505,60.7683,87.9273,-90.4613
-0.9505,60.7684,87.9271,-90.5896
-1.0635,60.7698,87.9234,-90.4928
-1.0635,60.7699,87.9232,-90.5383
-1.1742,60.7714,87.9192,-90.6428
-1.1742,60.7714,87.9190,-90.6733
-1.2872,60.7731,87.9145,-90.6502
-1.2872,60.7732,87.9143,-90.7790
-1.3979,60.7750,87.9095,-90.6818
-1.3979,60.7751,87.9093,-90.7268
-1.5108,60.7771,87.9040,-90.8301
-1.5108,60.7772,87.9037,-90.8637
-1.6215,60.7793,87.8981,-90.8382
-1.6215,60.7794,87.8979,-90.9666
-1.7344,60.7817,87.8917,-90.8697
-1.7344,60.7818,87.8915,-90.9152
-1.8451,60.6494,87.9433,-91.0150
-1.8451,60.6495,87.9429,-91.0506
-1.9580,60.6522,87.9358,-91.0236
-1.9580,60.6523,87.9356,-91.1547
-2.0687,60.6550,87.9283,-91.0562
-2.0686,60.6551,87.9281,-91.1020
-2.1815,60.6581,87.9202,-91.2041
-2.1815,60.6581,87.9199,-91.2385
-2.2921,60.6612,87.9118,-91.2124
-2.2921,60.6613,87.9116,-91.3406
-2.4049,60.6646,87.9028,-91.2441
-2.4049,60.6647,87.9026,-91.2901
-2.5155,60.6680,87.8936,-91.3924
-2.5155,60.6681,87.8934,-91.4244
-2.6283,60.5397,87.9405,-91.3936
-2.6283,60.5399,87.9401,-91.5296
-2.7388,60.5436,87.9303,-91.4277
-2.7388,60.5436,87.9300,-91.4746
-2.8516,60.5476,87.9196,-91.5763
-2.8516,60.5477,87.9194,-91.6109
-2.9621,60.5517,87.9087,-91.5845
-2.9621,60.5518,87.9085,-91.7123
-3.0748,60.5560,87.8972,-91.6164
-3.0748,60.5561,87.8969,-91.6628
-3.1852,60.4260,87.9429,-91.7550
-3.1852,60.4261,87.9425,-91.7974
-3.2979,60.4307,87.9303,-91.7652
-3.2979,60.4308,87.9301,-91.8989
-3.4083,60.4355,87.9177,-91.7989
-3.4083,60.4355,87.9175,-91.8460
-3.5209,60.4405,87.9045,-91.9449
-3.5209,60.4405,87.9043,-91.9815
-3.6312,60.3138,87.9470,-91.9446
-3.6312,60.3140,87.9466,-92.0827
-3.7438,60.3192,87.9327,-91.9798
-3.7438,60.3193,87.9325,-92.0285
-3.8541,60.3246,87.9184,-92.1281
-3.8541,60.3247,87.9182,-92.1620
-3.9666,60.1961,87.9601,-92.1259
-3.9666,60.1962,87.9596,-92.2654
-4.0768,60.2019,87.9448,-92.1619
-4.0768,60.2020,87.9446,-92.2106
-4.1892,60.2079,87.9290,-92.3075
-4.1892,60.2080,87.9288,-92.3454
-4.2994,60.2139,87.9131,-92.3163
-4.2994,60.2140,87.9128,-92.4444
-4.4118,60.0889,87.9515,-92.3382
-4.4118,60.0890,87.9510,-92.3897
-4.5219,60.0953,87.9345,-92.4896
-4.5219,60.0954,87.9343,-92.5231
-4.6342,60.1020,87.9170,-92.4970
-4.6342,60.1021,87.9168,-92.6244
-4.7442,59.9748,87.9551,-92.5180
-4.7442,59.9750,87.9547,-92.5696
-4.8564,59.9819,87.9366,-92.6668
-4.8564,59.9820,87.9364,-92.7043
-4.9664,59.9890,87.9181,-92.6753
-4.9664,59.9890,87.9179,-92.8021
-5.0786,59.8652,87.9531,-92.6957
-5.0785,59.8654,87.9527,-92.7485
-5.1885,59.8727,87.9337,-92.8452
-5.1884,59.8727,87.9335,-92.8808
-5.3005,59.7468,87.9685,-92.8396
-5.3005,59.7469,87.9681,-92.9817
-5.4103,59.7546,87.9482,-92.8776
-5.4103,59.7547,87.9480,-92.9284
-5.5223,59.7626,87.9272,-93.0186
-5.5223,59.7627,87.9270,-93.0609
-5.6321,59.6399,87.9597,-93.0142
-5.6320,59.6400,87.9593,-93.1577
-5.7440,59.6483,87.9377,-93.0529
-5.7439,59.6484,87.9375,-93.1048
-5.8536,59.5235,87.9699,-93.1798
-5.8536,59.5237,87.9695,-93.2364
-5.9654,59.5323,87.9471,-93.1936
-5.9654,59.5324,87.9469,-93.3300
-6.0772,59.5412,87.9240,-93.2305
-6.0772,59.5413,87.9238,-93.2818
-6.1867,59.4197,87.9535,-93.3525
-6.1867,59.4198,87.9531,-93.4122
-6.2984,59.4290,87.9294,-93.3672
-6.2984,59.4291,87.9292,-93.5045
-6.4078,59.3053,87.9587,-93.3883
-6.4078,59.3055,87.9583,-93.4454
-6.5194,59.3150,87.9337,-93.5366
-6.5194,59.3151,87.9335,-93.5777
-6.6287,59.1945,87.9607,-93.5291
-6.6287,59.1946,87.9603,-93.6725
-6.7402,59.2045,87.9349,-93.5691
-6.7402,59.2046,87.9347,-93.6225
-6.8494,59.0819,87.9616,-93.6878
-6.8494,59.0820,87.9612,-93.7515
-6.9608,58.9625,87.9858,-93.6863
-6.9608,58.9626,87.9854,-93.7345
-7.0699,58.9729,87.9592,-93.8055
-7.0699,58.9729,87.9590,-93.8582
-7.1812,58.8513,87.9833,-93.7997
-7.1812,58.8515,87.9829,-93.8469
-7.2902,58.8620,87.9559,-93.9145
-7.2902,58.8621,87.9557,-93.9694
-7.4014,58.7436,87.9777,-93.9091
-7.4014,58.7438,87.9773,-93.9572
-7.5103,58.6228,88.0001,-94.0048
-7.5103,58.6229,87.9997,-94.0806
-7.6214,58.6343,87.9708,-94.0249
-7.6213,58.6344,87.9706,-94.1652
-7.7302,58.5165,87.9911,-94.0461
-7.7302,58.5166,87.9907,-94.1072
-7.8411,58.5284,87.9610,-94.1891
-7.8411,58.5284,87.9608,-94.2357
-7.9498,58.4085,87.9810,-94.1793
-7.9498,58.4087,87.9806,-94.3252
-8.0606,58.2919,87.9984,-94.2021
-8.0606,58.2921,87.9980,-94.2657
-8.1692,58.3041,87.9676,-94.3470
-8.1692,58.3042,87.9674,-94.3918
-8.2799,58.1854,87.9849,-94.3356
-8.2799,58.1856,87.9845,-94.4824
-8.3884,58.0695,88.0008,-94.3587
-8.3883,58.0696,88.0004,-94.4226
-8.4989,57.9515,88.0162,-94.4784
-8.4989,57.9517,88.0158,-94.5504
-8.6073,57.9645,87.9837,-94.4979
-8.6072,57.9646,87.9835,-94.6303
-8.7177,57.8496,87.9971,-94.5157
-8.7177,57.8498,87.9967,-94.5792
-8.8259,57.7324,88.0110,-94.6297
-8.8259,57.7326,88.0106,-94.7031
-8.9362,57.6183,88.0225,-94.6271
-8.9362,57.6185,88.0220,-94.6824
-9.0443,57.6321,87.9883,-94.7428
-9.0443,57.6321,87.9881,-94.8003
-9.1545,57.5159,87.9996,-94.7336
-9.1545,57.5161,87.9992,-94.7873
-9.2625,57.4025,88.0097,-94.8206
-9.2624,57.4027,88.0093,-94.9046
-9.3725,57.2872,88.0191,-94.8204
-9.3725,57.2874,88.0186,-94.8788
-9.4803,57.1745,88.0274,-94.9141
-9.4803,57.1747,88.0270,-94.9966
-9.5902,57.0599,88.0351,-94.9131
-9.5902,57.0601,88.0347,-94.9720
-9.6979,56.9480,88.0418,-95.0045
-9.6979,56.9482,88.0414,-95.0884
-9.8077,56.8342,88.0478,-95.0037
-9.8076,56.8344,88.0473,-95.0636
-9.9152,56.7230,88.0528,-95.0938
-9.9152,56.7231,88.0524,-95.1788
-10.0248,56.6099,88.0571,-95.0931
-10.0248,56.6101,88.0566,-95.1538
-10.1322,56.4995,88.0604,-95.1817
-10.1322,56.4996,88.0600,-95.2679
-10.2417,56.3872,88.0630,-95.1812
-10.2417,56.3874,88.0625,-95.2428
-10.3489,56.2775,88.0646,-95.2684
-10.3489,56.2777,88.0642,-95.3556
-10.4583,56.1660,88.0655,-95.2680
-10.4582,56.1662,88.0650,-95.3304
-10.5654,56.0571,88.0654,-95.3537
-10.5653,56.0572,88.0650,-95.4420
-10.6745,55.9463,88.0646,-95.3535
-10.6745,55.9465,88.0642,-95.4167
-10.7815,55.8382,88.0629,-95.4377
-10.7814,55.8384,88.0625,-95.5270
-10.8905,55.7283,88.0603,-95.4376
-10.8905,55.7285,88.0599,-95.5016
-10.8905,55.6036,88.0982,-95.5282
-10.8905,55.6037,88.0980,-95.5242
-10.9973,55.4938,88.0954,-95.4900
-10.9973,55.4940,88.0950,-95.6113
-11.1061,55.3874,88.0899,-95.5037
-11.1061,55.3876,88.0895,-95.5728
-11.2128,55.2785,88.0852,-95.5915
-11.2127,55.2787,88.0848,-95.6814
-11.3215,55.1729,88.0781,-95.5919
-11.3214,55.1731,88.0777,-95.6571
-11.3214,55.0466,88.1146,-95.6782
-11.3214,55.0467,88.1144,-95.6785
-11.4280,54.9411,88.1073,-95.6407
-11.4279,54.9413,88.1068,-95.7620
-11.5365,54.8340,88.0987,-95.6540
-11.5364,54.8342,88.0983,-95.7246
-11.5364,54.7108,88.1333,-95.7470
-11.5364,54.7108,88.1330,-95.7468
-11.6428,54.6038,88.1245,-95.7078
-11.6428,54.6040,88.1241,-95.8290
-11.7512,54.5001,88.1131,-95.7220
-11.7511,54.5003,88.1127,-95.7928
-11.7511,54.3750,88.1471,-95.8116
-11.7511,54.3750,88.1469,-95.8141
-11.8573,54.2714,88.1356,-95.7734
-11.8573,54.2716,88.1352,-95.8941
-11.9655,54.1664,88.1228,-95.7870
-11.9655,54.1666,88.1223,-95.8587
-11.9655,54.0442,88.1548,-95.8754
-11.9655,54.0443,88.1546,-95.8793
-12.0715,53.9393,88.1418,-95.8364
-12.0715,53.9395,88.1414,-95.9574
-12.1795,53.8377,88.1262,-95.8510
-12.1795,53.8379,88.1258,-95.9230
-12.1795,53.7136,88.1576,-95.9363
-12.1795,53.7137,88.1574,-95.9427
-12.2853,53.6122,88.1419,-95.8983
-12.2853,53.6124,88.1415,-96.0188
-12.2853,53.4884,88.1724,-95.9217
-12.2853,53.4885,88.1722,-95.9872
-12.3932,53.3880,88.1545,-95.9109
-12.3931,53.3882,88.1541,-95.9760
-12.3931,53.2647,88.1842,-95.9817
-12.3931,53.2647,88.1840,-95.9926
-12.4988,53.1644,88.1660,-95.9452
-12.4988,53.1647,88.1656,-96.0657
-12.4988,53.0415,88.1948,-95.9693
-12.4988,53.0415,88.1946,-96.0336
-12.6065,52.9423,88.1744,-95.9578
-12.6064,52.9425,88.1740,-96.0235
-12.6064,52.8197,88.2024,-96.0263
-12.6064,52.8198,88.2021,-96.0390
-12.7120,52.7207,88.1816,-95.9900
-12.7119,52.7209,88.1812,-96.1098
-12.7119,52.5985,88.2087,-96.0145
-12.7119,52.5986,88.2085,-96.0775
-12.8194,52.5006,88.1858,-96.0023
-12.8194,52.5008,88.1854,-96.0684
-12.8194,52.3788,88.2120,-96.0685
-12.8194,52.3788,88.2118,-96.0829
-12.9247,52.2811,88.1888,-96.0324
-12.9247,52.2813,88.1884,-96.1514
-12.9247,52.1596,88.2142,-96.0572
-12.9247,52.1597,88.2140,-96.1190
-12.9247,52.0405,88.2389,-96.0543
-12.9247,52.0406,88.2387,-96.1008
-13.0320,51.9418,88.2135,-96.0332
-13.0320,51.9420,88.2131,-96.1613
-13.0320,51.8209,88.2376,-96.0632
-13.0320,51.8210,88.2374,-96.1263
-13.1371,51.7248,88.2114,-96.0514
-13.1371,51.7250,88.2110,-96.1804
-13.1371,51.6042,88.2347,-96.0822
-13.1371,51.6043,88.2345,-96.1450
-13.1371,51.4861,88.2573,-96.0800
-13.1371,51.4862,88.2571,-96.1262
-13.2443,51.3889,88.2289,-96.0586
-13.2442,51.3892,88.2285,-96.1845
-13.2442,51.2713,88.2504,-96.0893
-13.2442,51.2714,88.2502,-96.1497
-13.2442,51.1514,88.2722,-96.0853
-13.2442,51.1515,88.2720,-96.1312
-13.3492,51.0570,88.2427,-96.0646
-13.3492,51.0572,88.2422,-96.1869
-13.3492,50.9376,88.2634,-96.0933
-13.3492,50.9377,88.2632,-96.1527
-13.3492,50.8206,88.2835,-96.0897
-13.3492,50.8207,88.2833,-96.1343
-13.4561,50.7253,88.2516,-96.0674
-13.4561,50.7255,88.2512,-96.1904
-13.4561,50.6088,88.2707,-96.0978
-13.4561,50.6089,88.2705,-96.1559
-13.4561,50.4900,88.2899,-96.0929
-13.4561,50.4901,88.2897,-96.1375
-13.5609,50.3975,88.2570,-96.0715
-13.5608,50.3977,88.2566,-96.1910
-13.5608,50.2792,88.2752,-96.0999
-13.5608,50.2793,88.2749,-96.1571
-13.5608,50.1634,88.2927,-96.0954
-13.5608,50.1635,88.2925,-96.1387
-13.5608,50.0454,88.3102,-96.0827
-13.5608,50.0455,88.3100,-96.1236
-13.6676,49.9544,88.2742,-96.0592
-13.6676,49.9547,88.2738,-96.1778
-13.6676,49.8370,88.2907,-96.0880
-13.6676,49.8371,88.2904,-96.1439
-13.6676,49.7219,88.3065,-96.0830
-13.6676,49.7220,88.3063,-96.1255
-13.6676,49.6047,88.3223,-96.0699
-13.6676,49.6048,88.3221,-96.1103
-13.7722,49.5144,88.2853,-96.0464
-13.7721,49.5147,88.2849,-96.1617
-13.7721,49.3978,88.3000,-96.0742
-13.7721,49.3979,88.2998,-96.1283
-13.7721,49.2835,88.3142,-96.0684
-13.7721,49.2836,88.3140,-96.1101
-13.7721,49.1671,88.3283,-96.0550
-13.7721,49.1671,88.3281,-96.0948
-13.7721,49.0531,88.3417,-96.0412
-13.7721,49.0532,88.3415,-96.0800
-13.7721,48.9371,88.3549,-96.0262
-13.7721,48.9372,88.3547,-96.0652
-13.8787,48.8490,88.3139,-96.0020
-13.8787,48.8492,88.3135,-96.1160
-13.8787,48.7335,88.3260,-96.0304
-13.8787,48.7336,88.3258,-96.0827
-13.8787,48.6204,88.3378,-96.0240
-13.8787,48.6205,88.3376,-96.0645
-13.8787,48.5051,88.3493,-96.0101
-13.8787,48.5052,88.3491,-96.0491
-13.8787,48.3924,88.3602,-95.9961
-13.8787,48.3925,88.3599,-96.0340
-13.8787,48.2775,88.3708,-95.9809
-13.8787,48.2776,88.3706,-96.0191
-13.8787,48.1652,88.3809,-95.9666
-13.8787,48.1652,88.3807,-96.0041
-13.9831,48.0762,88.3377,-95.9414
-13.9831,48.0765,88.3373,-96.0513
-13.9831,47.9644,88.3467,-95.9696
-13.9831,47.9645,88.3465,-96.0188
-13.9831,47.8504,88.3557,-95.9611
-13.9831,47.8505,88.3555,-96.0008
-13.9831,47.7389,88.3640,-95.9478
-13.9831,47.7390,88.3638,-95.9852
-13.9831,47.6253,88.3721,-95.9324
-13.9831,47.6254,88.3719,-95.9700
-13.9831,47.5141,88.3797,-95.9180
-13.9831,47.5142,88.3794,-95.9548
-13.9831,47.4009,88.3869,-95.9024
-13.9831,47.4010,88.3867,-95.9396
-13.9831,47.2901,88.3936,-95.8879
-13.9831,47.2902,88.3934,-95.9243
-13.9831,47.1773,88.4000,-95.8722
-13.9831,47.1774,88.3998,-95.9091
-13.9831,47.0670,88.4058,-95.8576
-13.9831,47.0671,88.4056,-95.8938
-13.9831,46.9546,88.4114,-95.8420
-13.9831,46.9547,88.4112,-95.8785
-13.9831,46.8446,88.4164,-95.8273
-13.9831,46.8447,88.4162,-95.8632
-13.9831,46.7326,88.4211,-95.8116
-13.9831,46.7327,88.4209,-95.8479
-13.9831,46.6231,88.4253,-95.7970
-13.9831,46.6232,88.4251,-95.8325
-13.9831,46.5115,88.4291,-95.7812
-13.9831,46.5116,88.4289,-95.8172
-13.9831,46.4024,88.4324,-95.7665
-13.9831,46.4025,88.4322,-95.8018
-13.9831,46.2912,88.4354,-95.7507
-13.9831,46.2913,88.4352,-95.7864
-13.9831,46.1825,88.4379,-95.7360
-13.9831,46.1826,88.4377,-95.7709
-13.9831,46.0717,88.4401,-95.7201
-13.9831,46.0719,88.4398,-95.7555
-13.9831,45.9634,88.4417,-95.7054
-13.9831,45.9635,88.4415,-95.7400
-13.9831,45.8531,88.4430,-95.6895
-13.9831,45.8532,88.4428,-95.7246
-13.9831,45.7452,88.4438,-95.6747
-13.9831,45.7453,88.4436,-95.7091
-13.9831,45.6353,88.4442,-95.6588
-13.9831,45.6354,88.4440,-95.6935
-13.9831,45.5278,88.4442,-95.6439
-13.9831,45.5279,88.4440,-95.6780
-13.9831,45.4184,88.4438,-95.6279
-13.9831,45.4185,88.4436,-95.6625
-13.9831,45.3113,88.4429,-95.6131
-13.9831,45.3114,88.4427,-95.6469
-13.9831,45.2023,88.4417,-95.5971
-13.9831,45.2024,88.4414,-95.6313
-13.8787,45.0686,88.4934,-95.5912
-13.8787,45.0688,88.4929,-95.5607
-13.8787,44.9600,88.4910,-95.5336
-13.8787,44.9602,88.4908,-95.5597
-13.8787,44.8538,88.4885,-95.5137
-13.8787,44.8539,88.4883,-95.5459
-13.8787,44.7456,88.4855,-95.4972
-13.8787,44.7457,88.4853,-95.5305
-13.8787,44.6398,88.4821,-95.4822
-13.8787,44.6399,88.4819,-95.5150
-13.8787,44.5320,88.4783,-95.4662
-13.8787,44.5321,88.4781,-95.4994
-13.8787,44.4266,88.4741,-95.4513
-13.8787,44.4267,88.4739,-95.4839
-13.8787,44.3193,88.4694,-95.4352
-13.8787,44.3194,88.4692,-95.4682
-13.7722,44.1866,88.5184,-95.4291
-13.7721,44.1868,88.5179,-95.3985
-13.7721,44.0798,88.5126,-95.3711
-13.7721,44.0799,88.5124,-95.3968
-13.7721,43.9752,88.5067,-95.3517
-13.7721,43.9753,88.5065,-95.3828
-13.7721,43.8688,88.5003,-95.3352
-13.7721,43.8689,88.5001,-95.3674
-13.7721,43.7646,88.4936,-95.3202
-13.7721,43.7647,88.4934,-95.3518
-13.6676,43.6314,88.5389,-95.3126
-13.6676,43.6316,88.5385,-95.2843
-13.6676,43.5277,88.5311,-95.2569
-13.6676,43.5278,88.5309,-95.2819
-13.6676,43.4221,88.5230,-95.2367
-13.6676,43.4223,88.5228,-95.2677
-13.6676,43.3189,88.5146,-95.2214
-13.6676,43.3190,88.5144,-95.2523
-13.5609,43.1860,88.5588,-95.2137
-13.5608,43.1862,88.5584,-95.1847
-13.5608,43.0832,88.5494,-95.1575
-13.5608,43.0833,88.5492,-95.1822
-13.5608,42.9785,88.5395,-95.1376
-13.5608,42.9786,88.5393,-95.1679
-13.5608,42.8761,88.5295,-95.1224
-13.5608,42.8762,88.5293,-95.1526
-13.4561,42.7446,88.5705,-95.1143
-13.4561,42.7448,88.5701,-95.0869
-13.4561,42.6427,88.5594,-95.0593
-13.4561,42.6428,88.5592,-95.0838
-13.4561,42.5389,88.5479,-95.0398
-13.4561,42.5390,88.5477,-95.0695
-13.4561,42.4373,88.5361,-95.0247
-13.4561,42.4375,88.5359,-95.0542
-13.3492,42.3063,88.5761,-95.0166
-13.3492,42.3065,88.5756,-94.9884
-13.3492,42.2052,88.5633,-94.9611
-13.3492,42.2054,88.5631,-94.9852
-13.3492,42.1023,88.5500,-94.9418
-13.3492,42.1025,88.5498,-94.9709
-13.2443,41.9746,88.5875,-94.9342
-13.2442,41.9748,88.5871,-94.9069
-13.2442,41.8722,88.5732,-94.8788
-13.2442,41.8723,88.5730,-94.9032
-13.2442,41.7720,88.5589,-94.8608
-13.2442,41.7721,88.5587,-94.8889
-13.1372,41.6424,88.5954,-94.8522
-13.1371,41.6426,88.5950,-94.8246
-13.1371,41.5427,88.5801,-94.7974
-13.1371,41.5428,88.5799,-94.8209
-13.0320,41.4143,88.6144,-94.7856
-13.0320,41.4145,88.6140,-94.7589
-13.0320,41.3150,88.5982,-94.7316
-13.0320,41.3151,88.5980,-94.7549
-13.0320,41.2139,88.5816,-94.7129
-13.0320,41.2140,88.5814,-94.7407
-12.9247,41.0877,88.6154,-94.7052
-12.9247,41.0879,88.6150,-94.6776
-12.9247,40.9871,88.5977,-94.6500
-12.9247,40.9872,88.5975,-94.6735
-12.9247,40.8867,88.5798,-94.6319
-12.9247,40.8868,88.5795,-94.6592
-12.8194,40.7618,88.6109,-94.6239
-12.8194,40.7620,88.6105,-94.5977
-12.8194,40.6619,88.5919,-94.5699
-12.8194,40.6620,88.5917,-94.5932
-12.7120,40.5370,88.6228,-94.5594
-12.7119,40.5372,88.6224,-94.5320
-12.7119,40.4376,88.6030,-94.5046
-12.7119,40.4377,88.6027,-94.5276
-12.6065,40.3139,88.6316,-94.4940
-12.6064,40.3141,88.6312,-94.4677
-12.6064,40.2149,88.6109,-94.4403
-12.6064,40.2150,88.6107,-94.4631
-12.4988,40.0912,88.6393,-94.4298
-12.4988,40.0914,88.6388,-94.4027
-12.4988,39.9927,88.6177,-94.3757
-12.4988,39.9928,88.6175,-94.3981
-12.3932,39.8702,88.6438,-94.3651
-12.3931,39.8704,88.6434,-94.3392
-12.3931,39.7721,88.6214,-94.3120
-12.3931,39.7722,88.6212,-94.3343
-12.2853,39.6497,88.6473,-94.3016
-12.2853,39.6498,88.6468,-94.2748
-12.1795,39.5263,88.6707,-94.2539
-12.1795,39.5264,88.6702,-94.2255
-12.1795,39.4308,88.6474,-94.2000
-12.1795,39.4309,88.6472,-94.2212
-12.0715,39.3074,88.6707,-94.1886
-12.0715,39.3076,88.6703,-94.1624
-12.0715,39.2125,88.6466,-94.1365
-12.0715,39.2126,88.6464,-94.1576
-11.9655,39.0902,88.6677,-94.1251
-11.9655,39.0904,88.6672,-94.1001
-11.8573,38.9699,88.6891,-94.0797
-11.8573,38.9701,88.6886,-94.0505
-11.8573,38.8737,88.6632,-94.0252
-11.8573,38.8738,88.6630,-94.0460
-11.7512,38.7544,88.6827,-94.0146
-11.7511,38.7546,88.6823,-93.9893
-11.6428,38.6332,88.7015,-93.9685
-11.6428,38.6334,88.7010,-93.9400
-11.6428,38.5396,88.6749,-93.9156
-11.6428,38.5397,88.6746,-93.9356
-11.5365,38.4194,88.6917,-93.9043
-11.5364,38.4197,88.6913,-93.8794
-11.4280,38.3012,88.7089,-93.8594
-11.4279,38.3014,88.7085,-93.8308
-11.4279,38.2064,88.6805,-93.8062
-11.4279,38.2066,88.6803,-93.8261
-11.3215,38.0892,88.6957,-93.7959
-11.3214,38.0894,88.6953,-93.7708
-11.2128,37.9701,88.7103,-93.7504
-11.2127,37.9704,88.7098,-93.7224
-11.1061,37.8539,88.7236,-93.7033
-11.1061,37.8541,88.7232,-93.6758
-11.1061,37.7601,88.6935,-93.6517
-11.1061,37.7602,88.6933,-93.6710
-10.9973,37.6439,88.7067,-93.6416
-10.9973,37.6441,88.7063,-93.6157
-10.8905,37.5268,88.7174,-93.5958
-10.8905,37.5270,88.7170,-93.5690
-10.7815,37.4115,88.7287,-93.5501
-10.7814,37.4117,88.7282,-93.5220
-10.6745,37.2953,88.7377,-93.5028
-10.6745,37.2956,88.7372,-93.4760
-10.6745,37.2046,88.7060,-93.4533
-10.6745,37.2047,88.7058,-93.4713
-10.5654,37.0885,88.7148,-93.4425
-10.5653,37.0887,88.7144,-93.4171
-10.4583,36.9753,88.7223,-93.3982
-10.4582,36.9755,88.7219,-93.3713
-10.3489,36.8602,88.7291,-93.3524
-10.3489,36.8604,88.7287,-93.3250
-10.2417,36.7478,88.7350,-93.3068
-10.2417,36.7480,88.7346,-93.2799
-10.1322,36.6336,88.7401,-93.2613
-10.1322,36.6338,88.7397,-93.2340
-10.0248,36.5221,88.7443,-93.2161
-10.0248,36.5223,88.7439,-93.1893
-9.9152,36.4088,88.7477,-93.1709
-9.9152,36.4091,88.7473,-93.1436
-9.8077,36.2982,88.7502,-93.1260
-9.8076,36.2984,88.7498,-93.0993
-9.6979,36.1859,88.7519,-93.0812
-9.6979,36.1861,88.7515,-93.0540
-9.5902,36.0762,88.7527,-93.0367
-9.5902,36.0764,88.7523,-93.0100
-9.4803,35.9647,88.7527,-92.9923
-9.4803,35.9649,88.7523,-92.9651
-9.3725,35.8559,88.7518,-92.9481
-9.3725,35.8561,88.7514,-92.9215
-9.2625,35.8350,88.7875,-92.9296
-9.2624,35.8351,88.7873,-92.8855
-9.1545,35.7250,88.7849,-92.8717
-9.1545,35.7252,88.7845,-92.8445
-9.0443,35.6169,88.7826,-92.8281
-9.0443,35.6172,88.7822,-92.8005
-8.9362,35.5080,88.7781,-92.7839
-8.9362,35.5082,88.7777,-92.7574
-8.8259,35.4008,88.7742,-92.7412
-8.8259,35.4011,88.7737,-92.7136
-8.7177,35.3814,88.8070,-92.7213
-8.7177,35.3816,88.8068,-92.6791
-8.6073,35.2731,88.8013,-92.6657
-8.6072,35.2734,88.8008,-92.6378
-8.4989,35.1676,88.7945,-92.6224
-8.4989,35.1678,88.7941,-92.5955
-8.3884,35.0603,88.7869,-92.5797
-8.3883,35.0606,88.7864,-92.5523
-8.2799,35.0418,88.8180,-92.5595
-8.2799,35.0420,88.8178,-92.5180
-8.1692,34.9369,88.8101,-92.5057
-8.1692,34.9372,88.8096,-92.4774
-8.0606,34.8313,88.7996,-92.4624
-8.0606,34.8315,88.7992,-92.4356
-7.9498,34.8131,88.8302,-92.4425
-7.9498,34.8132,88.8300,-92.4007
-7.8411,34.7097,88.8195,-92.3889
-7.8411,34.7100,88.8191,-92.3613
-7.7302,34.6049,88.8075,-92.3469
-7.7302,34.6051,88.8071,-92.3192
-7.6214,34.5878,88.8362,-92.3259
-7.6213,34.5879,88.8360,-92.2854
-7.5103,34.4852,88.8240,-92.2740
-7.5103,34.4855,88.8236,-92.2455
-7.4014,34.3820,88.8093,-92.2318
-7.4014,34.3822,88.8089,-92.2047
-7.2902,34.3652,88.8373,-92.2111
-7.2902,34.3653,88.8371,-92.1702
-7.1812,34.2642,88.8224,-92.1595
-7.1812,34.2644,88.8220,-92.1316
-7.0699,34.2479,88.8496,-92.1379
-7.0699,34.2481,88.8493,-92.0973
-6.9608,34.1460,88.8326,-92.0866
-6.9608,34.1462,88.8322,-92.0588
-6.8494,34.0460,88.8159,-92.0465
-6.8494,34.0462,88.8155,-92.0181
-6.7402,34.0308,88.8412,-92.0242
-6.7402,34.0309,88.8410,-91.9849
-6.6287,33.9297,88.8227,-91.9745
-6.6287,33.9300,88.8222,-91.9459
-6.5194,33.9149,88.8472,-91.9519
-6.5194,33.9151,88.8469,-91.9128
-6.4078,33.8163,88.8282,-91.9032
-6.4078,33.8166,88.8277,-91.8742
-6.2984,33.8020,88.8518,-91.8802
-6.2984,33.8022,88.8516,-91.8413
-6.1867,33.7025,88.8307,-91.8317
-6.1867,33.7027,88.8303,-91.8028
-6.0772,33.6887,88.8535,-91.8086
-6.0772,33.6888,88.8533,-91.7700
-5.9654,33.5915,88.8320,-91.7611
-5.9654,33.5918,88.8315,-91.7319
-5.8536,33.5779,88.8544,-91.7376
-5.8536,33.5781,88.8542,-91.6984
-5.7440,33.5648,88.8761,-91.7057
-5.7439,33.5649,88.8759,-91.6670
-5.6321,33.4669,88.8520,-91.6586
-5.6320,33.4672,88.8516,-91.6292
-5.5223,33.4544,88.8727,-91.6347
-5.5223,33.4545,88.8725,-91.5965
-5.4103,33.4417,88.8937,-91.6035
-5.4103,33.4418,88.8934,-91.5643
-5.3005,33.3468,88.8683,-91.5570
-5.3005,33.3470,88.8679,-91.5277
-5.1885,33.3347,88.8882,-91.5331
-5.1884,33.3348,88.8880,-91.4944
-5.0786,33.2389,88.8607,-91.4872
-5.0785,33.2391,88.8602,-91.4580
-4.9664,33.2273,88.8797,-91.4633
-4.9664,33.2274,88.8794,-91.4248
-4.8564,33.2161,88.8981,-91.4315
-4.8564,33.2162,88.8979,-91.3935
-4.7442,33.1227,88.8702,-91.3872
-4.7442,33.1230,88.8697,-91.3568
-4.6342,33.1121,88.8875,-91.3621
-4.6342,33.1122,88.8873,-91.3245
-4.5219,33.1014,88.9051,-91.3309
-4.5219,33.1016,88.9048,-91.2925
-4.4118,33.0076,88.8742,-91.2867
-4.4118,33.0079,88.8737,-91.2568
-4.2994,32.9976,88.8906,-91.2619
-4.2994,32.9977,88.8904,-91.2239
-4.1892,32.9879,88.9065,-91.2301
-4.1892,32.9880,88.9063,-91.1927
-4.0768,32.8965,88.8752,-91.1877
-4.0768,32.8968,88.8748,-91.1566
-3.9666,32.8874,88.8901,-91.1618
-3.9666,32.8875,88.8899,-91.1247
-3.8541,32.8783,88.9050,-91.1307
-3.8541,32.8784,88.9048,-91.0927
-3.7438,32.8695,88.9192,-91.0988
-3.7438,32.8697,88.9190,-91.0616
-3.6312,32.7778,88.8849,-91.0574
-3.6312,32.7781,88.8844,-91.0260
-3.5209,32.7698,88.8980,-91.0310
-3.5209,32.7699,88.8978,-90.9941
-3.4083,32.7616,88.9113,-90.9999
-3.4083,32.7618,88.9111,-90.9622
-3.2979,32.6727,88.8759,-90.9591
-3.2979,32.6730,88.8755,-90.9279
-3.1852,32.6653,88.8881,-90.9327
-3.1852,32.6654,88.8879,-90.8954
-3.0748,32.6581,88.8998,-90.9011
-3.0748,32.6582,88.8996,-90.8644
-2.9621,32.6510,88.9113,-90.8700
-2.9621,32.6511,88.9111,-90.8326
-2.8516,32.6443,88.9222,-90.8382
-2.8516,32.6444,88.9220,-90.8015
-2.7388,32.5552,88.8835,-90.7994
-2.7388,32.5555,88.8831,-90.7669
-2.6283,32.5492,88.8934,-90.7718
-2.6283,32.5493,88.8932,-90.7354
-2.5155,32.5431,88.9032,-90.7408
-2.5155,32.5432,88.9030,-90.7036
-2.4049,32.5375,88.9124,-90.7091
-2.4049,32.5376,88.9122,-90.6726
-2.2921,32.5319,88.9214,-90.6780
-2.2921,32.5321,88.9212,-90.6408
-2.1815,32.5268,88.9297,-90.6463
-2.1815,32.5269,88.9295,-90.6098
-2.0687,32.4411,88.8891,-90.6094
-2.0686,32.4414,88.8887,-90.5760
-1.9580,32.4366,88.8964,-90.5809
-1.9580,32.4367,88.8962,-90.5447
-1.8451,32.4321,88.9037,-90.5499
-1.8451,32.4323,88.9034,-90.5130
-1.7344,32.4280,88.9104,-90.5183
-1.7344,32.4281,88.9101,-90.4820
-1.6215,32.4240,88.9168,-90.4873
-1.6215,32.4242,88.9165,-90.4503
-1.5108,32.4204,88.9226,-90.4556
-1.5108,32.4206,88.9224,-90.4194
-1.3979,32.4170,88.9282,-90.4246
-1.3979,32.4172,88.9280,-90.3876
-1.2872,32.3319,88.8830,-90.3892
-1.2872,32.3321,88.8826,-90.3554
-1.1742,32.3291,88.8875,-90.3602
-1.1742,32.3293,88.8873,-90.3235
-1.0635,32.3265,88.8917,-90.3287
-1.0635,32.3267,88.8915,-90.2927
-0.9505,32.3242,88.8955,-90.2978
-0.9505,32.3243,88.8953,-90.2610
-0.8397,32.3221,88.8989,-90.2662
-0.8397,32.3222,88.8987,-90.2302
-0.7267,32.3203,88.9019,-90.2353
-0.7267,32.3204,88.9016,-90.1985
-0.6160,32.3187,88.9044,-90.2037
-0.6160,32.3188,88.9042,-90.1677
-0.5030,32.3174,88.9065,-90.1727
-0.5030,32.3175,88.9063,-90.1360
-0.3922,32.3164,88.9082,-90.1412
-0.3922,32.3165,88.9080,-90.1052
-0.2792,32.3156,88.9095,-90.1102
-0.2792,32.3157,88.9093,-90.0735
-0.1684,32.3151,88.9103,-90.0787
-0.1684,32.3152,88.9101,-90.0426
-0.0554,32.3148,88.9107,-90.0477
-0.0554,32.3149,88.9105,-90.0110
0.0554,32.3148,88.9107,-90.0161
0.0554,32.3149,88.9105,-89.9801
0.1684,32.3150,88.9103,-89.9851
0.1684,32.3152,88.9101,-89.9484
0.2792,32.3156,88.9095,-89.9536
0.2792,32.3157,88.9093,-89.9176
0.3922,32.3164,88.9082,-89.9226
0.3922,32.3165,88.9080,-89.8859
0.5030,32.3174,88.9065,-89.8910
0.5030,32.3175,88.9063,-89.8550
0.6160,32.3187,88.9044,-89.8601
0.6160,32.3188,88.9042,-89.8234
0.7267,32.3203,88.9019,-89.8285
0.7267,32.3204,88.9016,-89.7925
0.8397,32.3221,88.8989,-89.7976
0.8397,32.3222,88.8987,-89.7609
0.9505,32.3242,88.8955,-89.7660
0.9505,32.3243,88.8953,-89.7300
1.0635,32.3265,88.8917,-89.7351
1.0635,32.3267,88.8915,-89.6984
1.1742,32.3291,88.8875,-89.7036
1.1742,32.3293,88.8873,-89.6675
